0.090720035135746002 -0.35878506302833557
0.011048629879951477 0.079670868813991547
0.083955317735671997 0.18106649816036224
-0.35218912363052368 0.086667612195014954
-0.16521406173706055 0.14516189694404602
-0.005349963903427124 0.24458546936511993
-0.39844954013824463 0.091236069798469543
-0.1429290771484375 0.26870474219322205
0.10094024240970612 0.99824041128158569
-0.081817358732223511 0.60358256101608276
-0.35534843802452087 0.24406003952026367
-0.83387666940689087 0.014555182307958603
-0.65631270408630371 -0.24407637119293213
-0.68915295600891113 -0.013085126876831055
-0.53928154706954956 -0.66827744245529175
-0.25185361504554749 -0.39719346165657043
-0.22069543600082397 -0.34124448895454407
-0.36625716090202332 -0.2245144248008728
-0.39890351891517639 -0.15874037146568298
-0.097190096974372864 -0.13925619423389435
