0.10233455151319504 0.24008479714393616
-0.12594959139823914 0.22691129148006439
-0.09358629584312439 0.20476251840591431
-0.3555719256401062 0.21051760017871857
-0.29481977224349976 -0.0038917625788599253
-0.29287654161453247 -0.057488605380058289
-0.42474603652954102 -0.27981206774711609
-0.47788718342781067 -0.44653314352035522
-0.49902242422103882 -0.5303770899772644
-0.010534793138504028 -0.12908935546875
-0.11727491021156311 -0.016164058819413185
-0.27789989113807678 0.040270239114761353
-0.25518488883972168 0.08066895604133606
-0.13316701352596283 0.13409677147865295
-0.19629278779029846 0.20430181920528412
-0.12605389952659607 0.13654148578643799
0.19270147383213043 -0.32174596190452576
-0.05115610733628273 0.093642838299274445
-0.11458179354667664 0.1931251734495163
-0.010258179157972336 0.12711825966835022
0.077106103301048279 0.080859631299972534
0.020828474313020706 0.038093704730272293
0.016567468643188477 0.033837050199508667
0.019446007907390594 0.03098316490650177
0.10814628005027771 0.10521484911441803
0.15892894566059113 0.12345504015684128
0.24322710931301117 -0.077392727136611938
0.21707144379615784 0.024445487186312675
0.21253997087478638 0.035983480513095856
0.17939355969429016 0.096499204635620117
0.20852980017662048 0.047885242849588394
0.23300343751907349 0.041553426533937454
0.34912842512130737 -0.24284543097019196
0.28039669990539551 0.051351826637983322
0.17834220826625824 0.16599909961223602
0.28835538029670715 0.084172740578651428
0.43566066026687622 0.10825597494840622
0.79042315483093262 -0.12931863963603973
0.63280487060546875 0.11093240976333618
0.63450419902801514 0.14911626279354095
0.373139888048172 0.19946624338626862
0.30968412756919861 0.29013830423355103
0.73210513591766357 0.4452894926071167
0.64642912149429321 0.42592447996139526
0.66444903612136841 0.50135248899459839
0.55543124675750732 0.41216015815734863
0.61381274461746216 0.52163523435592651
1.091732382774353 0.67820405960083008
1.529810905456543 0.6138383150100708
1.2266144752502441 1.0795747041702271
0.93203628063201904 1.5255320072174072
0.79285162687301636 1.386730432510376
0.82469630241394043 0.97003602981567383
0.43556308746337891 0.55723041296005249
0.2712186872959137 0.59371471405029297
0.36576759815216064 0.68354266881942749
0.61322247982025146 0.87859570980072021
0.65749937295913696 1.0474388599395752
0.388896644115448 0.78674304485321045
0.46697863936424255 0.89927935600280762
0.32721406221389771 0.92947870492935181
-0.063326932489871979 0.75260388851165771
-0.12261907756328583 1.0995790958404541
-0.13912054896354675 0.94598609209060669
-0.070099622011184692 1.6594222784042358
-0.4537004828453064 0.70005714893341064
-0.33547669649124146 1.035280704498291
-0.38305974006652832 0.93029999732971191
-0.47664058208465576 1.4656335115432739
-0.88876110315322876 1.3700317144393921
-0.9246709942817688 1.1010257005691528
-0.88817352056503296 1.0222803354263306
-0.67891412973403931 0.59794676303863525
-1.128065824508667 0.77286410331726074
-0.72813796997070313 0.32560315728187561
-0.4069288969039917 0.60090959072113037
-0.4327055811882019 0.54571729898452759
-0.29747840762138367 0.3288610577583313
-0.26884815096855164 0.40658622980117798
-0.29869800806045532 0.52489811182022095
-0.13511699438095093 0.6346135139465332
-0.20036317408084869 0.68891668319702148
-0.068791449069976807 0.76275849342346191
-0.10627385228872299 0.65765416622161865
-0.13230617344379425 0.55370652675628662
-0.15596407651901245 0.57448273897171021
-0.11859221756458282 0.52849531173706055
-0.11276865750551224 0.48074528574943542
-0.072859272360801697 0.52002888917922974
-0.074883535504341125 0.47709238529205322
-0.019930791109800339 0.54725170135498047
0.015380317345261574 0.50005197525024414
-0.032720714807510376 0.60955321788787842
0.14704671502113342 0.56922006607055664
0.19821444153785706 0.50775420665740967
0.096284978091716766 0.42851844429969788
0.26177069544792175 0.48766279220581055
0.0054617822170257568 0.32724490761756897
-0.18876521289348602 0.46318477392196655
-0.06035521999001503 0.34964901208877563
