0.5385969877243042 0.29004150629043579
0.59385484457015991 0.30702227354049683
0.6788325309753418 0.29278364777565002
0.74191123247146606 0.28023719787597656
0.82230997085571289 0.28047582507133484
0.96146577596664429 0.2293194979429245
1.0729050636291504 0.17801770567893982
0.89490973949432373 0.10677555948495865
0.74649029970169067 0.091782979667186737
0.84260404109954834 0.25275567173957825
0.85570323467254639 0.26740190386772156
0.7371862530708313 0.25119501352310181
0.72424060106277466 0.2566106915473938
0.62962067127227783 0.25217053294181824
0.7436862587928772 0.20562002062797546
0.43923810124397278 0.19112154841423035
0.38050800561904907 0.20650404691696167
0.49419155716896057 0.27587425708770752
0.69365417957305908 0.37359583377838135
0.38886401057243347 0.27318292856216431
0.31134733557701111 0.2047998309135437
0.30186647176742554 0.15762375295162201
0.20446056127548218 0.011960402131080627
0.34385532140731812 -0.10571514815092087
0.16057558357715607 0.0073833889327943325
0.12562230229377747 0.012954901903867722
0.2096303254365921 0.10710079967975616
0.2113645076751709 0.039370223879814148
0.22292815148830414 0.12274475395679474
-0.015225671231746674 0.21941313147544861
-0.0871010422706604 0.22973807156085968
-0.15844930708408356 0.24937990307807922
0.034751236438751221 0.27686613798141479
0.054190695285797119 0.25615954399108887
0.14010567963123322 0.24828216433525085
0.11670352518558502 0.22150719165802002
0.14637142419815063 0.19502982497215271
0.16940906643867493 0.22312101721763611
0.079545676708221436 0.3185737133026123
0.03556707501411438 0.29695463180541992
-0.0094719827175140381 0.41444069147109985
0.22165860235691071 0.16926455497741699
0.14618782699108124 0.25050869584083557
0.063987806439399719 0.34831395745277405
-0.042627431452274323 0.54643332958221436
0.078184381127357483 0.43500897288322449
0.18538056313991547 0.37556600570678711
0.071331426501274109 0.48069813847541809
-0.065269321203231812 0.60709238052368164
0.015109311789274216 0.30005928874015808
-0.039642371237277985 0.43925401568412781
-0.24289064109325409 0.91629320383071899
-0.14633768796920776 0.94400852918624878
-0.12718506157398224 0.94487088918685913
-0.024278897792100906 0.91564011573791504
0.20494154095649719 0.9075586199760437
0.17499682307243347 0.8965754508972168
0.1510293185710907 0.90539920330047607
-0.19403795897960663 0.90800094604492188
0.23791682720184326 0.85732674598693848
0.22794786095619202 0.75084102153778076
0.12263328582048416 0.77931869029998779
-0.10535666346549988 0.69483530521392822
-0.085087090730667114 0.68732917308807373
-0.021483436226844788 0.65401822328567505
-0.019188325852155685 0.62636870145797729
0.049946602433919907 0.5053144097328186
0.089283399283885956 0.58347225189208984
0.18594908714294434 0.68237382173538208
0.58495855331420898 0.85669970512390137
0.29031682014465332 0.7867245078086853
0.33481377363204956 0.8339419960975647
0.33940950036048889 0.89730209112167358
0.39364045858383179 0.93800705671310425
0.026501595973968506 0.95954233407974243
0.075744703412055969 0.93120062351226807
-0.2217826247215271 0.98065638542175293
0.36598849296569824 1.0162626504898071
0.76996636390686035 0.94582235813140869
0.84978717565536499 1.13826584815979
0.84194689989089966 1.0553786754608154
0.87797117233276367 1.0550966262817383
0.88427770137786865 1.3182234764099121
0.76967924833297729 1.0181996822357178
0.53545510768890381 1.0494832992553711
0.50582826137542725 1.1297272443771362
0.74249541759490967 1.1040608882904053
0.63851034641265869 1.1166656017303467
0.61066180467605591 1.177060604095459
0.69385617971420288 1.135425329208374
0.71591126918792725 1.1531385183334351
0.59892231225967407 1.2432761192321777
0.58105969429016113 1.2346204519271851
0.56214582920074463 1.353455662727356
0.48715674877166748 1.2323174476623535
0.53723186254501343 1.185816764831543
0.30866014957427979 1.1847962141036987
0.45775020122528076 1.6534385681152344
0.47125014662742615 1.3963921070098877
0.46894228458404541 1.5732147693634033
0.49466514587402344 1.7957401275634766
0.43466979265213013 1.6788651943206787
0.11833071708679199 1.8816812038421631
0.38631981611251831 1.563897967338562
-0.037764757871627808 1.511165976524353
0.29745355248451233 1.316379189491272
0.34430587291717529 1.2973364591598511
0.27543991804122925 1.1765642166137695
0.16400066018104553 1.1700067520141602
0.17445676028728485 1.2067263126373291
0.17569819092750549 1.2202999591827393
0.099431559443473816 1.139805793762207
0.085368454456329346 1.1377986669540405
0.1267370879650116 1.0039814710617065
0.03602658212184906 1.1203161478042603
0.17740750312805176 1.2336746454238892
0.036651857197284698 1.3732613325119019
-0.0022164434194564819 1.3101005554199219
-0.076722688972949982 1.5108711719512939
0.0038810707628726959 1.2368651628494263
0.0020039454102516174 1.1568450927734375
-0.1284961998462677 1.0263617038726807
-0.046852800995111465 1.1105642318725586
-0.04558829590678215 1.2211933135986328
-0.12080895900726318 1.3564338684082031
-0.27968522906303406 2.0107498168945313
-0.2270301878452301 1.5569092035293579
-0.38076531887054443 1.7228565216064453
-0.3047545850276947 1.7490482330322266
-0.35672861337661743 1.8487327098846436
-0.69565504789352417 1.9328261613845825
-0.54146188497543335 1.8709245920181274
-0.25055614113807678 1.4843612909317017
-0.13305014371871948 1.3426042795181274
-0.12733052670955658 1.2781003713607788
-0.14025455713272095 1.2757350206375122
-0.1413465291261673 1.3420500755310059
-0.37195655703544617 1.43822181224823
-0.36476480960845947 1.4718246459960938
-0.40556919574737549 1.4883043766021729
-0.58424001932144165 1.521435022354126
-0.87029659748077393 1.5997340679168701
-0.83511227369308472 1.5766264200210571
-0.8412315845489502 1.4763849973678589
-0.62962144613265991 1.3924387693405151
-0.68238931894302368 1.2476826906204224
-0.60737782716751099 1.2866619825363159
-0.57960218191146851 1.2721104621887207
-0.59076917171478271 1.3598456382751465
-0.53528988361358643 1.2776739597320557
-0.66721260547637939 1.1932750940322876
-0.64432263374328613 1.1185015439987183
-0.5784151554107666 1.2400045394897461
-0.52025401592254639 1.2547315359115601
-0.48897001147270203 1.2829502820968628
-0.41590207815170288 1.2563987970352173
-0.35370427370071411 1.2199695110321045
-0.468761146068573 1.293982982635498
-0.41606608033180237 1.2620689868927002
-0.40535393357276917 1.3016456365585327
-0.3984050452709198 1.3442401885986328
-0.54882627725601196 1.3344899415969849
-0.71334874629974365 1.4793339967727661
-0.51119530200958252 1.3727240562438965
-0.64387333393096924 1.5063275098800659
-0.4464799165725708 1.3945472240447998
-0.42027920484542847 1.3860654830932617
-0.39165779948234558 1.4104840755462646
-0.29339253902435303 1.1679214239120483
-0.29462817311286926 1.2390991449356079
-0.25927251577377319 1.3220460414886475
-0.088015124201774597 1.1943241357803345
-0.13753978908061981 1.0730853080749512
-0.26561391353607178 1.0031759738922119
-0.21824362874031067 1.0534795522689819
-0.29408207535743713 1.0216711759567261
-0.39484328031539917 1.0782989263534546
-0.3773474395275116 1.1454964876174927
-0.34014895558357239 1.1352741718292236
-0.32709440588951111 1.1445233821868896
-0.30735725164413452 1.1565321683883667
-0.46808084845542908 1.227689266204834
-0.40544924139976501 1.1475214958190918
-0.57906591892242432 1.1637252569198608
-0.56272721290588379 1.125119686126709
-0.30733793973922729 0.79481488466262817
-0.3283543586730957 0.89551299810409546
-0.33855500817298889 1.0175719261169434
-0.29006165266036987 0.84364801645278931
-0.20083232223987579 0.73830717802047729
-0.17159238457679749 0.63766610622406006
-0.18535378575325012 0.5446401834487915
-0.18189036846160889 0.45327356457710266
-0.19745554029941559 0.54395759105682373
-0.2618844211101532 0.2887815535068512
-0.21755877137184143 0.360088050365448
-0.19946342706680298 0.39046657085418701
-0.22493743896484375 0.29038655757904053
-0.12195007503032684 0.51059460639953613
-0.175246462225914 0.26500844955444336
-0.2690131664276123 0.27650481462478638
-0.39551043510437012 0.34600135684013367
-0.31321951746940613 0.31191971898078918
-0.27840334177017212 0.33651188015937805
-0.58463835716247559 0.52305954694747925
-0.34026980400085449 0.37314528226852417
-0.52678829431533813 0.43756496906280518
-0.54810458421707153 0.40959566831588745
-0.61382466554641724 0.39762541651725769
-0.45445683598518372 0.35451361536979675
-0.43689024448394775 0.33602756261825562
-0.49127298593521118 0.36271488666534424
-0.70876705646514893 0.38021409511566162
-0.75438797473907471 0.41008538007736206
-0.71202540397644043 0.43569657206535339
-0.71754658222198486 0.49055421352386475
-0.42397144436836243 0.61493277549743652
-0.76614683866500854 0.62234902381896973
-0.82673466205596924 0.86067235469818115
-0.82637935876846313 0.87480723857879639
-0.82889777421951294 0.88761627674102783
-0.82490336894989014 0.89394462108612061
-0.79960089921951294 0.86033535003662109
-0.81646478176116943 0.99946451187133789
-0.56945574283599854 0.80002754926681519
-0.43438494205474854 0.68841016292572021
-0.35786384344100952 0.57662582397460938
-0.30137953162193298 0.58451497554779053
-0.24139687418937683 0.58532094955444336
-0.3352825939655304 0.8101651668548584
-0.45163103938102722 0.88137048482894897
-0.57586175203323364 0.95958042144775391
-0.65620136260986328 1.0435702800750732
-0.64229553937911987 0.93864232301712036
-0.66255807876586914 1.0333218574523926
-0.67088115215301514 1.0200358629226685
-0.71766895055770874 1.3750009536743164
-0.76675170660018921 1.3172229528427124
-0.75825327634811401 1.2534458637237549
-0.73706257343292236 1.1122655868530273
-0.78576445579528809 1.3597819805145264
-0.83019965887069702 1.1737804412841797
-0.85293310880661011 0.74753469228744507
-0.97457945346832275 0.80508077144622803
-1.1962630748748779 1.1909635066986084
-1.02643883228302 1.1314926147460937
-1.0504186153411865 1.1702660322189331
-1.052625298500061 1.163352370262146
-1.0687155723571777 1.3088697195053101
-0.97040921449661255 1.1353011131286621
-0.97408008575439453 1.1515985727310181
-1.0196992158889771 1.2899858951568604
-0.95231509208679199 1.155665397644043
-0.95471245050430298 1.091910719871521
-0.97011536359786987 1.0929731130599976
-0.90353667736053467 1.0205256938934326
-0.97807931900024414 1.6358186006546021
-0.65219664573669434 1.6323162317276001
-0.40599721670150757 1.6069405078887939
-0.38103228807449341 1.639997124671936
-0.80685615539550781 1.7829866409301758
-0.78428506851196289 1.7685627937316895
-1.0905537605285645 1.643237829208374
-0.95408540964126587 1.3242875337600708
-1.0473201274871826 1.4195883274078369
-1.1049891710281372 1.4248950481414795
-1.1000322103500366 1.3293049335479736
-1.1180363893508911 1.465557336807251
-1.0978708267211914 1.2430828809738159
-1.2315343618392944 1.3035024404525757
-1.3253743648529053 1.3478721380233765
-1.6115612983703613 1.5211948156356812
-1.5950829982757568 1.3395067453384399
-1.3336250782012939 0.80150324106216431
-1.337283730506897 1.0200337171554565
-1.1194168329238892 0.8665732741355896
-1.0637824535369873 0.59522628784179688
-0.99873745441436768 0.64519178867340088
-0.96299731731414795 0.54009538888931274
-1.0423152446746826 0.50313609838485718
-1.0638555288314819 0.43852269649505615
-0.90677887201309204 0.394500732421875
-1.077218770980835 0.90507036447525024
-0.68983405828475952 0.22854243218898773
-0.47229102253913879 0.066743701696395874
-0.69745463132858276 0.20711043477058411
-0.49805575609207153 0.078033015131950378
-0.67345547676086426 0.085452690720558167
-0.73116445541381836 0.19752299785614014
-0.77138054370880127 0.27534085512161255
-0.81011343002319336 0.35138314962387085
-0.72406125068664551 0.066962644457817078
-0.51454359292984009 0.046545594930648804
-0.41846448183059692 0.063398838043212891
-0.40994518995285034 -0.0050643607974052429
-0.42678612470626831 -0.092283174395561218
-0.38547298312187195 -0.042389124631881714
-0.31630778312683105 -0.054440472275018692
-0.27876967191696167 -0.13284760713577271
-0.28408932685852051 -0.058349624276161194
-0.3486480712890625 0.0067685181275010109
-0.30476745963096619 0.046180762350559235
-0.26699173450469971 -0.11040434241294861
-0.28301405906677246 0.031589418649673462
-0.21520437300205231 -0.035347223281860352
-0.16118469834327698 -0.13906010985374451
-0.22432121634483337 0.022246278822422028
-0.17400319874286652 -0.10868145525455475
-0.20556190609931946 -0.040443908423185349
-0.21558244526386261 -0.010324739851057529
-0.22262568771839142 -0.010821079835295677
-0.22679995000362396 0.0045582354068756104
-0.24059125781059265 0.0041890870779752731
-0.42118111252784729 0.22900518774986267
-0.29984810948371887 0.10400417447090149
-0.212754026055336 0.078693121671676636
-0.26066091656684875 0.24368226528167725
8.9660286903381348e-005 0.17998681962490082
0.087935559451580048 0.13585337996482849
-0.10729753971099854 0.063501536846160889
-0.079424634575843811 0.038156025111675262
-0.088722199201583862 0.0219772569835186
0.017514094710350037 0.044173654168844223
0.016642605885863304 0.062734760344028473
-0.00099851563572883606 0.083458416163921356
0.20229560136795044 0.10898353159427643
0.066886648535728455 0.076672181487083435
-0.043180789798498154 -0.030198462307453156
0.001207042601890862 -9.980941831599921e-005
0.079433761537075043 0.06046207994222641
0.043498452752828598 -0.011366145685315132
-0.0085798688232898712 -0.047178052365779877
0.053458422422409058 -0.17007273435592651
0.1094139963388443 -0.20390999317169189
0.08389301598072052 -0.19757334887981415
0.085500210523605347 -0.21381948888301849
0.025465177372097969 -0.2954716682434082
-0.045773357152938843 -0.29890191555023193
-0.18635112047195435 -0.32305428385734558
0.045658327639102936 -0.22867597639560699
-0.042847335338592529 -0.040636643767356873
-0.026644248515367508 -0.23375281691551208
-0.074559107422828674 -0.17191791534423828
-0.12457646429538727 -0.11813896894454956
-0.12326377630233765 -0.077978417277336121
-0.13224202394485474 -0.078241407871246338
-0.14339782297611237 -0.05752689391374588
-0.14334996044635773 -0.05609733983874321
-0.17500323057174683 -0.075651243329048157
-0.1389363557100296 -0.12123595178127289
-0.11522728949785233 -0.16210900247097015
-0.088847063481807709 -0.17047756910324097
-0.040904942899942398 -0.25482854247093201
-0.083038747310638428 -0.18759933114051819
-0.13764441013336182 -0.30058908462524414
-0.31335762143135071 -0.14669311046600342
-0.35023415088653564 -0.13601648807525635
-0.3088918924331665 -0.2313687652349472
-0.38396114110946655 -0.18915414810180664
-0.44425731897354126 -0.11939693987369537
-0.48652857542037964 -0.061171181499958038
-0.45760747790336609 -0.13566334545612335
-0.50950849056243896 -0.057883027940988541
-0.54110682010650635 0.0067967772483825684
-0.57314431667327881 0.045588307082653046
-0.35969707369804382 -0.30264565348625183
-0.55079507827758789 -0.034713439643383026
-0.60309809446334839 -0.0087957680225372314
-0.83829140663146973 0.085760369896888733
-1.219010591506958 0.21386584639549255
-1.0170364379882813 0.27891075611114502
-1.3217049837112427 0.35639408230781555
-1.3968418836593628 0.434308260679245
-1.3824265003204346 0.38989609479904175
-1.3947676420211792 0.41809698939323425
-1.5194017887115479 0.56061041355133057
-1.5433353185653687 0.61547458171844482
-1.5857737064361572 0.47795888781547546
-1.5364165306091309 1.0750768184661865
-2.0038552284240723 1.1666231155395508
-1.8953738212585449 0.84342420101165771
-1.8024811744689941 0.56849777698516846
-1.5249295234680176 0.196628138422966
-1.7673041820526123 -0.058252632617950439
-1.7723507881164551 -0.022714614868164063
-2.0223288536071777 -0.38058057427406311
-1.9009666442871094 -0.30433174967765808
-1.6555064916610718 -0.048288136720657349
-1.6916244029998779 -0.1611139178276062
-1.167924165725708 -0.20894858241081238
-1.2917715311050415 0.05880284309387207
-1.5309269428253174 0.35955566167831421
-1.1968857049942017 0.18663237988948822
-1.217538595199585 0.20678532123565674
-0.50014024972915649 -0.13088800013065338
-0.68200874328613281 -0.082921922206878662
-0.64450228214263916 -0.099299706518650055
-0.525337815284729 -0.14219099283218384
-0.65363502502441406 -0.11056634783744812
-0.80285745859146118 -0.12295601516962051
-1.102339506149292 -0.10888460278511047
-1.4886907339096069 -0.74654853343963623
-1.1958284378051758 -0.2930901050567627
-1.221943736076355 -0.44034388661384583
-1.242225170135498 -0.54153966903686523
-1.0860747098922729 -0.37048855423927307
-0.99221575260162354 -0.20314601063728333
-0.86381030082702637 -0.30802109837532043
-0.94364476203918457 -0.19729512929916382
-0.89363342523574829 -0.2623712420463562
-0.94497311115264893 -0.19414010643959045
-0.8435547947883606 -0.25508946180343628
-0.73749423027038574 -0.30550956726074219
-0.65518277883529663 -0.36544749140739441
-0.79106146097183228 -0.33205240964889526
-0.92072582244873047 -0.32496491074562073
-0.53462433815002441 -0.43075329065322876
-0.99706465005874634 -0.11830753087997437
-0.88534665107727051 -0.14641664922237396
-0.5185692310333252 -0.27898102998733521
-0.60792720317840576 -0.26743701100349426
-0.33533143997192383 -0.42958396673202515
-0.50056493282318115 -0.49593979120254517
-0.51944047212600708 -0.43647623062133789
-0.77183002233505249 -0.44900614023208618
-0.68927931785583496 -0.47110062837600708
-0.66737788915634155 -0.49874934554100037
-0.93551671504974365 -0.45886936783790588
-0.59713995456695557 -0.54583120346069336
-0.49648532271385193 -0.49770641326904297
-0.49214473366737366 -0.54157030582427979
-0.65696477890014648 -0.60790032148361206
-0.61171770095825195 -0.55986028909683228
-0.67212361097335815 -0.61411482095718384
-0.64849424362182617 -0.6111263632774353
-0.63407009840011597 -0.6982312798500061
-0.76451951265335083 -0.59924894571304321
-0.67109584808349609 -0.68277227878570557
-1.0935455560684204 -0.62740194797515869
-1.3661706447601318 -0.89946961402893066
-1.3612886667251587 -0.94325220584869385
-1.0331885814666748 -0.85607445240020752
-1.1618705987930298 -0.94979149103164673
-1.6883046627044678 -1.3774796724319458
-0.98810619115829468 -0.82658982276916504
-0.91417771577835083 -0.97575068473815918
-0.83803772926330566 -1.1222482919692993
-0.73938041925430298 -1.4870634078979492
-0.69564664363861084 -1.3658998012542725
-0.92800289392471313 -0.82754874229431152
-0.73832833766937256 -1.1229822635650635
-0.33705100417137146 -1.3518038988113403
-0.67672485113143921 -1.1507096290588379
-0.78225332498550415 -0.88001352548599243
-0.67265015840530396 -0.77302020788192749
-0.50678443908691406 -0.60714113712310791
-0.64691519737243652 -0.78333944082260132
-0.36426275968551636 -0.46839600801467896
-0.24638676643371582 -0.33882993459701538
-0.42591375112533569 -0.56984543800354004
-0.39577621221542358 -0.60527694225311279
-0.40782487392425537 -0.63847410678863525
-0.33502781391143799 -0.51499366760253906
-0.31197237968444824 -0.67158782482147217
-0.25964164733886719 -0.59131795167922974
-0.20416407287120819 -0.50248533487319946
-0.24926078319549561 -0.53145849704742432
-0.2470225989818573 -0.47710472345352173
-0.178622767329216 -0.49809283018112183
-0.1868470162153244 -0.44415760040283203
-0.21238726377487183 -0.39339831471443176
-0.16037420928478241 -0.39015781879425049
-0.12139596045017242 -0.33727508783340454
-0.086943082511425018 -0.3502679169178009
-0.030481819063425064 -0.34263536334037781
0.11696307361125946 -0.228414386510849
0.13189429044723511 -0.22152198851108551
0.14944340288639069 -0.21327336132526398
0.21357390284538269 -0.19073756039142609
0.1488301008939743 -0.15219970047473907
0.11227418482303619 -0.21104654669761658
0.19911041855812073 -0.058966517448425293
0.15858662128448486 0.0074596330523490906
0.28668811917304993 -0.14419323205947876
0.23622114956378937 -0.10896863788366318
0.20428965985774994 -0.24553927779197693
0.076370760798454285 -0.33145755529403687
0.034680381417274475 -0.35154545307159424
0.1605885773897171 -0.29959407448768616
0.28047871589660645 -0.24319946765899658
0.17652113735675812 -0.30584955215454102
0.14032498002052307 -0.39533352851867676
0.28448453545570374 -0.24136270582675934
0.19795899093151093 -0.39166480302810669
0.28048151731491089 -0.24945461750030518
0.4089127779006958 -0.23754233121871948
0.42503765225410461 -0.038015644997358322
0.40990674495697021 -0.0003204643726348877
0.49965518712997437 0.086242429912090302
0.46453896164894104 0.13805074989795685
0.56585896015167236 0.19347228109836578
0.50602126121520996 0.063304349780082703
0.43185833096504211 -0.083867907524108887
0.43138238787651062 -0.14979812502861023
0.54328864812850952 -0.12338846921920776
0.44235634803771973 -0.20733872056007385
0.38784843683242798 -0.28230944275856018
0.401254802942276 -0.30067780613899231
0.37667849659919739 -0.27467301487922668
0.28078514337539673 -0.41122013330459595
0.5855097770690918 -0.13911327719688416
0.38452637195587158 -0.3380337655544281
0.36594313383102417 -0.39711034297943115
0.3121604323387146 -0.45331692695617676
0.31433621048927307 -0.48542416095733643
0.27670550346374512 -0.46805429458618164
0.17888344824314117 -0.55099403858184814
0.15556295216083527 -0.53758907318115234
0.17243331670761108 -0.58178132772445679
0.14120429754257202 -0.60221457481384277
0.12081945687532425 -0.53176409006118774
0.14871169626712799 -0.52318590879440308
0.070460490882396698 -0.50299358367919922
-0.015164643526077271 -0.46546286344528198
-0.085329398512840271 -0.57806187868118286
-0.099970847368240356 -0.59276807308197021
-0.090667024254798889 -0.60504555702209473
-0.14847743511199951 -0.56222492456436157
-0.16252349317073822 -0.66808974742889404
-0.16965551674365997 -0.60125172138214111
-0.27303498983383179 -0.66092634201049805
-0.51048743724822998 -1.1043317317962646
-0.41849276423454285 -0.96959614753723145
-0.34080559015274048 -0.92228579521179199
-0.34984347224235535 -0.96979629993438721
-0.34200716018676758 -1.0198509693145752
-0.11587297916412354 -0.61240303516387939
-0.10454214364290237 -0.61690413951873779
-0.12197708338499069 -0.68914556503295898
-0.095513850450515747 -0.91151654720306396
0.020884163677692413 -0.89753001928329468
-0.0049932003021240234 -0.71966713666915894
0.16641722619533539 -0.61301463842391968
0.21129114925861359 -0.6211581826210022
0.24565993249416351 -0.58140599727630615
0.28094422817230225 -0.58720433712005615
0.32310453057289124 -0.62844747304916382
0.30576401948928833 -0.59683233499526978
0.26482850313186646 -0.56709301471710205
0.35549414157867432 -0.60568618774414063
0.43810200691223145 -0.58686250448226929
0.32791551947593689 -0.58963757753372192
0.40303289890289307 -0.49982893466949463
0.41676941514015198 -0.576263427734375
0.44681814312934875 -0.52826863527297974
0.45175701379776001 -0.48647871613502502
0.4751971960067749 -0.48699432611465454
0.43458980321884155 -0.63474953174591064
0.34446749091148376 -0.6201096773147583
0.31527936458587646 -0.63872355222702026
0.18899624049663544 -0.64794063568115234
0.2451293021440506 -0.65702188014984131
0.30622678995132446 -0.66470527648925781
0.24596706032752991 -0.64991468191146851
0.40904843807220459 -0.65742695331573486
0.44447547197341919 -0.69394034147262573
0.38200783729553223 -0.69212144613265991
0.34581616520881653 -0.69435471296310425
0.4929766058921814 -0.72851860523223877
0.39341095089912415 -0.77654427289962769
0.31745803356170654 -0.77675384283065796
0.34856653213500977 -0.7306632399559021
0.32791337370872498 -0.74347960948944092
0.28343632817268372 -0.74285155534744263
0.29453596472740173 -0.77059441804885864
0.30351802706718445 -0.75935959815979004
0.32073754072189331 -0.85958296060562134
0.18389812111854553 -0.73203766345977783
0.10397424548864365 -0.74853116273880005
0.2264324277639389 -0.79861712455749512
0.03130495548248291 -0.7574126124382019
0.32961535453796387 -0.94709038734436035
0.22090405225753784 -0.92671781778335571
0.11621512472629547 -0.91041219234466553
0.16498549282550812 -0.97827762365341187
0.021122485399246216 -0.96621763706207275
0.30289262533187866 -1.0596828460693359
0.18751874566078186 -1.0425317287445068
0.076081931591033936 -1.0418661832809448
-0.19799511134624481 -1.048824667930603
0.19402220845222473 -1.0623089075088501
0.015681847929954529 -1.1112099885940552
0.063582092523574829 -1.1257784366607666
0.13557231426239014 -1.1728346347808838
-0.22671821713447571 -1.1295957565307617
-0.13811534643173218 -1.1883591413497925
0.0035677356645464897 -1.2062948942184448
0.16526442766189575 -1.2489793300628662
-0.21111100912094116 -1.2613750696182251
-0.23384450376033783 -1.4451724290847778
-0.12302614003419876 -1.4414851665496826
-0.16076599061489105 -1.4976534843444824
-0.32809585332870483 -1.4499456882476807
-0.49621421098709106 -1.3914171457290649
-0.48008120059967041 -1.5326247215270996
-0.58561110496520996 -1.4350624084472656
-0.54175472259521484 -1.9652643203735352
-0.80031043291091919 -2.5456366539001465
-0.32031440734863281 -1.5514345169067383
-0.12283027172088623 -1.5277864933013916
0.027671210467815399 -1.5525088310241699
0.20459204912185669 -1.5676620006561279
0.14460599422454834 -1.5874724388122559
0.21649125218391418 -1.6873996257781982
0.25960752367973328 -1.8116188049316406
0.1145489513874054 -1.7037032842636108
0.11412977427244186 -1.7435939311981201
0.10601708292961121 -1.7058382034301758
-0.56250292062759399 -2.1349859237670898
-0.15639674663543701 -2.053264856338501
0.11886801570653915 -1.8007224798202515
0.22051805257797241 -1.99665367603302
0.10021317005157471 -2.0312871932983398
-0.48008617758750916 -2.1986575126647949
0.071118071675300598 -2.3059585094451904
0.16428084671497345 -2.137413501739502
0.33070635795593262 -1.8988082408905029
0.4083743691444397 -2.1957099437713623
0.37737393379211426 -1.9991604089736938
0.27015095949172974 -1.6196471452713013
0.35659459233283997 -1.8264358043670654
0.42510831356048584 -1.9692534208297729
0.41975510120391846 -1.7796417474746704
0.44352900981903076 -1.9084254503250122
0.53423899412155151 -1.8942127227783203
0.46680152416229248 -1.8151887655258179
0.58444249629974365 -1.916826605796814
0.59148705005645752 -1.7937744855880737
0.44471973180770874 -1.5718759298324585
0.56009572744369507 -1.7723979949951172
0.28054586052894592 -1.3819854259490967
0.10998952388763428 -1.4049619436264038
0.47554144263267517 -1.3227337598800659
0.44711947441101074 -1.3094804286956787
0.17722795903682709 -1.3792798519134521
0.29233065247535706 -1.322089672088623
0.392719566822052 -1.2655037641525269
0.34959211945533752 -1.2497854232788086
0.39890202879905701 -1.2487012147903442
0.29954320192337036 -1.2440149784088135
0.055363386869430542 -1.3431060314178467
0.3394489586353302 -1.1138836145401001
0.29404535889625549 -1.0371077060699463
0.35415318608283997 -0.9893115758895874
0.3452400267124176 -1.1087801456451416
0.41207244992256165 -1.2142906188964844
0.41556605696678162 -1.1706002950668335
0.43170887231826782 -1.2424309253692627
0.47419148683547974 -1.308130145072937
0.47066941857337952 -1.316644549369812
0.54043328762054443 -1.3818285465240479
0.4967825710773468 -1.2754249572753906
0.46959120035171509 -1.1935584545135498
0.39473077654838562 -0.97232091426849365
0.40332359075546265 -0.95043361186981201
0.58312606811523438 -1.3156580924987793
0.41562670469284058 -0.92710846662521362
0.3088555634021759 -0.92994391918182373
0.38555839657783508 -0.85787785053253174
0.39893311262130737 -0.91257345676422119
0.42291152477264404 -0.86260974407196045
0.37925234436988831 -0.84606117010116577
0.39872145652770996 -0.84485733509063721
0.5016634464263916 -0.85178464651107788
0.50135606527328491 -1.0755540132522583
0.64759641885757446 -1.3126033544540405
0.59863108396530151 -2.161973237991333
0.63063704967498779 -1.7843302488327026
0.69438910484313965 -1.3970252275466919
0.67878991365432739 -1.6310364007949829
0.70056742429733276 -1.3720035552978516
0.66400128602981567 -1.973970890045166
0.7028578519821167 -1.3824388980865479
0.770183265209198 -1.4583715200424194
0.6758887767791748 -1.3346309661865234
0.6832008957862854 -1.253856897354126
0.55997812747955322 -0.93639087677001953
0.59343987703323364 -0.80660641193389893
0.59125149250030518 -0.80249506235122681
0.58009660243988037 -0.76825630664825439
0.5672142505645752 -0.72978311777114868
0.62374669313430786 -0.79083740711212158
0.70954585075378418 -1.296110987663269
0.68056619167327881 -1.0604093074798584
0.63810300827026367 -0.83699852228164673
0.65703624486923218 -0.88232171535491943
0.6752590537071228 -0.9164050817489624
0.7253374457359314 -1.0626654624938965
0.68599653244018555 -1.0846220254898071
0.91503733396530151 -1.2598309516906738
0.78920507431030273 -1.1153521537780762
0.71380144357681274 -0.98627287149429321
0.96850252151489258 -0.97250556945800781
1.2885744571685791 -0.92057943344116211
1.6482932567596436 -1.2042090892791748
1.8707245588302612 -1.3338651657104492
1.7004255056381226 -1.1511139869689941
1.5960097312927246 -0.86844497919082642
1.0453815460205078 -0.95922654867172241
0.990977942943573 -0.94082838296890259
0.87152737379074097 -0.87736725807189941
1.1851065158843994 -0.79583173990249634
0.97526991367340088 -0.6561010479927063
1.1899555921554565 -0.53318333625793457
1.3969547748565674 -0.34328284859657288
1.2892156839370728 -0.43054068088531494
1.2959811687469482 -0.41419371962547302
1.1936168670654297 -0.47828000783920288
1.0459047555923462 -0.54730409383773804
0.87035852670669556 -0.77844452857971191
0.81041574478149414 -0.80265212059020996
0.90447056293487549 -0.68172210454940796
0.99462258815765381 -0.55634725093841553
0.8778342604637146 -0.60096234083175659
0.79372131824493408 -0.67068374156951904
0.80167156457901001 -0.5487440824508667
0.79839068651199341 -0.57599061727523804
0.79664760828018188 -0.60338348150253296
0.77042102813720703 -0.71017360687255859
0.73799580335617065 -0.61325722932815552
0.79500555992126465 -0.80677062273025513
0.72135412693023682 -0.63316595554351807
0.70542454719543457 -0.72942006587982178
0.75257933139801025 -0.76785242557525635
0.79439234733581543 -0.85339838266372681
0.68479973077774048 -0.70773822069168091
0.69896870851516724 -0.60662811994552612
0.65360796451568604 -0.65465152263641357
0.60468107461929321 -0.6053653359413147
0.51515817642211914 -0.88412106037139893
0.54942065477371216 -0.7440611720085144
0.56673896312713623 -0.66407167911529541
0.58639216423034668 -0.61559313535690308
0.51563835144042969 -0.59598767757415771
0.45094579458236694 -0.62133157253265381
0.52554434537887573 -0.55096036195755005
0.60316801071166992 -0.45463141798973083
0.81390857696533203 -0.40438294410705566
0.85229647159576416 -0.43389052152633667
1.1735022068023682 -0.0014041662216186523
0.92131084203720093 -0.37378549575805664
0.86715900897979736 -0.42014530301094055
0.82326829433441162 -0.47059258818626404
0.67919433116912842 -0.48117369413375854
0.92149269580841064 -0.48840907216072083
0.89442354440689087 -0.5358736515045166
0.88503468036651611 -0.54622703790664673
1.0442986488342285 -0.37420433759689331
1.1395317316055298 -0.35510173439979553
1.2146568298339844 -0.32948958873748779
1.2272853851318359 -0.13663381338119507
1.2665070295333862 -0.28098741173744202
1.2664647102355957 -0.2272125780582428
1.2736221551895142 -0.15552882850170135
1.2799539566040039 -0.094598710536956787
1.2667850255966187 -0.10378790646791458
1.2630437612533569 -0.097635209560394287
1.3695250749588013 0.045991867780685425
1.5921058654785156 -0.41341793537139893
1.5529755353927612 -0.42688947916030884
1.7433186769485474 -0.61893719434738159
1.7086660861968994 -0.52703988552093506
1.5663222074508667 -0.22394855320453644
1.6202969551086426 -0.33305129408836365
1.6187255382537842 -0.31049361824989319
1.6440744400024414 -0.33398967981338501
1.7682738304138184 -0.58275961875915527
1.5154803991317749 -0.07007705420255661
1.5337983369827271 -0.038585975766181946
1.8285040855407715 -0.2391381710767746
2.089139461517334 -0.36343467235565186
1.8500621318817139 -0.26428332924842834
1.7264646291732788 -0.23345017433166504
1.6457083225250244 -0.20077824592590332
1.8836668729782104 -0.30104982852935791
1.9718737602233887 -0.54447448253631592
1.6690295934677124 -0.24332651495933533
1.7296980619430542 -0.30962249636650085
1.7837882041931152 -0.56807851791381836
1.7088236808776855 -0.84269696474075317
1.9809681177139282 -0.66168344020843506
2.1679315567016602 -0.776478111743927
2.2870182991027832 -0.8960345983505249
2.0744888782501221 -0.41674149036407471
2.2233855724334717 -0.46056488156318665
2.1088392734527588 -0.13039675354957581
1.8728481531143188 -0.11843045055866241
1.9485113620758057 -0.17181393504142761
1.6548845767974854 -0.10512058436870575
1.5815527439117432 -0.014088340103626251
1.5096708536148071 -0.04939163476228714
1.4123015403747559 -0.029336154460906982
1.4669826030731201 -0.010365137830376625
2.3360834121704102 -0.012526658363640308
1.8346331119537354 0.025704033672809601
1.6914321184158325 0.094127759337425232
1.64137864112854 0.020747333765029907
1.5336055755615234 0.079932153224945068
1.4898973703384399 0.068488843739032745
1.9511104822158813 0.35163071751594543
2.0388257503509521 0.36473560333251953
2.0385673046112061 0.56592118740081787
1.4821538925170898 0.20143730938434601
1.4409387111663818 0.39733356237411499
1.2044452428817749 0.071669071912765503
1.072634220123291 -0.12041590362787247
0.94534885883331299 -0.29155856370925903
0.89729034900665283 -0.22109240293502808
0.90623235702514648 -0.21930916607379913
0.90416443347930908 -0.18838796019554138
0.96650254726409912 -0.14180390536785126
1.0137374401092529 -0.071483947336673737
1.032720685005188 -0.056067250669002533
1.0789978504180908 0.00014568120241165161
0.95894896984100342 -0.020943731069564819
0.78298419713973999 -0.34731596708297729
0.9041287899017334 -0.35348063707351685
0.73368602991104126 -0.37417390942573547
0.72445905208587646 -0.3899637758731842
0.71645885705947876 -0.40805941820144653
0.67654126882553101 -0.42070505023002625
0.71653997898101807 -0.38704565167427063
0.84195411205291748 -0.22377781569957733
0.58480340242385864 -0.45829787850379944
0.63058573007583618 -0.4128246009349823
0.51724398136138916 -0.34656277298927307
0.56676745414733887 -0.38274544477462769
0.49995625019073486 -0.37995854020118713
0.30679941177368164 -0.50727331638336182
0.51905971765518188 -0.41253730654716492
0.50926768779754639 -0.41828528046607971
0.55204832553863525 -0.40963488817214966
0.49600872397422791 -0.42654788494110107
0.57669258117675781 -0.45961529016494751
0.52453398704528809 -0.4574485719203949
0.2445577085018158 -0.54790979623794556
0.40067210793495178 -0.43591010570526123
0.41406267881393433 -0.40038490295410156
0.50914794206619263 -0.23552273213863373
0.49974519014358521 -0.30690053105354309
0.4723583459854126 -0.38767486810684204
0.54074299335479736 -0.26138141751289368
0.70744496583938599 -0.23914635181427002
0.74153965711593628 -0.25533455610275269
0.79606318473815918 -0.26010170578956604
0.72074234485626221 -0.20512369275093079
0.68229365348815918 -0.20986412465572357
0.88230854272842407 -0.10325463116168976
0.61361819505691528 -0.2459246814250946
0.56671702861785889 -0.048448026180267334
0.62329226732254028 -0.088254697620868683
0.76296913623809814 -0.12488026916980743
0.7716098427772522 -0.11502957344055176
0.77679681777954102 -0.065045416355133057
0.72516512870788574 -0.058055810630321503
0.6898266077041626 -0.056230396032333374
0.60803067684173584 0.093510895967483521
0.6416282057762146 0.0066230073571205139
0.58000165224075317 0.12644645571708679
0.75880712270736694 -0.0085137318819761276
0.79264611005783081 -0.043339721858501434
0.81261193752288818 0.023581188172101974
0.82681947946548462 0.039889480918645859
0.87979757785797119 0.016928296536207199
0.97812134027481079 0.030402742326259613
0.90246784687042236 0.089162267744541168
1.0794341564178467 0.1301005631685257
1.0098350048065186 0.028839275240898132
0.89793115854263306 0.0030972268432378769
0.99173694849014282 0.02322562038898468
0.93970072269439697 -0.017498107627034187
0.88273859024047852 -0.045485377311706543
1.1733810901641846 0.081973627209663391
1.1996341943740845 0.19771631062030792
1.1540566682815552 0.35834857821464539
1.1180754899978638 0.56109142303466797
1.1786478757858276 0.29732570052146912
1.2276837825775146 0.53032124042510986
1.1831697225570679 0.50859260559082031
0.78700500726699829 0.8297455906867981
0.99137771129608154 0.74530231952667236
1.2109133005142212 0.58411264419555664
1.0619770288467407 0.69766628742218018
1.164995551109314 0.74071389436721802
1.2924273014068604 1.0342884063720703
1.3336137533187866 0.86054062843322754
1.1690865755081177 0.69511651992797852
1.3241422176361084 0.71644753217697144
1.2074897289276123 0.69954949617385864
1.2761576175689697 0.69187080860137939
1.2548477649688721 0.65744990110397339
1.3773701190948486 0.7159581184387207
1.5385632514953613 0.94011926651000977
1.4551976919174194 0.75467759370803833
1.3374068737030029 0.51805627346038818
1.5111953020095825 0.43324628472328186
1.5663752555847168 0.50566560029983521
1.6271898746490479 0.3489692211151123
1.6027241945266724 0.92509341239929199
1.6552088260650635 0.75874948501586914
1.6951576471328735 0.84198081493377686
1.7131935358047485 0.56870651245117188
1.7161401510238647 0.92801362276077271
1.7648558616638184 0.76060193777084351
1.9105058908462524 0.73868775367736816
1.9834651947021484 0.66202199459075928
2.1059012413024902 0.53324925899505615
1.686591625213623 1.2859315872192383
1.5657045841217041 1.0231343507766724
1.4901468753814697 1.0051095485687256
1.460351824760437 0.8631446361541748
1.4188269376754761 0.8600534200668335
1.4164111614227295 1.035291314125061
1.2766265869140625 1.1310322284698486
1.3276224136352539 1.1380757093429565
1.3058211803436279 1.1449120044708252
0.92905670404434204 1.0719765424728394
1.2750293016433716 1.1545336246490479
1.1322741508483887 1.1718255281448364
1.1404922008514404 1.1863725185394287
1.1288303136825562 1.2120096683502197
1.1819854974746704 1.1788586378097534
1.2431182861328125 1.2556173801422119
1.3673040866851807 1.4457347393035889
1.4518686532974243 1.0977025032043457
1.6903538703918457 1.5362851619720459
1.357453465461731 1.5553326606750488
1.4861130714416504 1.42722487449646
1.5047235488891602 1.3833016157150269
1.3519939184188843 1.5048496723175049
1.3789077997207642 1.9363032579421997
1.3301752805709839 1.526130199432373
1.2054076194763184 1.4913126230239868
1.2390871047973633 1.4147006273269653
1.2989176511764526 1.4966845512390137
1.0381883382797241 1.1333189010620117
1.0394062995910645 1.2988234758377075
1.0158138275146484 1.1949681043624878
1.0252059698104858 1.426743745803833
1.0555647611618042 1.5146331787109375
0.90499246120452881 1.5409430265426636
0.77143013477325439 1.7225900888442993
0.71469134092330933 2.0672202110290527
0.68993127346038818 1.8500543832778931
0.48716962337493896 1.462634801864624
0.76729905605316162 1.5449732542037964
0.70041882991790771 1.4486969709396362
0.93519306182861328 1.2926473617553711
0.89639431238174438 0.84672260284423828
0.83736640214920044 0.95214104652404785
0.8443182110786438 0.9892386794090271
0.79973483085632324 0.93618196249008179
0.78724193572998047 0.92748242616653442
0.54680681228637695 0.81116974353790283
0.2962382435798645 0.71712714433670044
0.36372441053390503 0.70513832569122314
0.33266919851303101 0.71216058731079102
0.36938616633415222 0.71037650108337402
0.36456736922264099 0.72897392511367798
0.44465702772140503 0.71672302484512329
0.22811891138553619 0.68144041299819946
0.19255430996417999 0.60338681936264038
0.15100392699241638 0.53071343898773193
0.12980683147907257 0.48732441663742065
0.10979041457176208 0.44782087206840515
0.23032557964324951 0.58237695693969727
0.22617694735527039 0.54979556798934937
0.22317351400852203 0.55198514461517334
0.2080487459897995 0.51500475406646729
0.33869639039039612 0.69657909870147705
0.29178676009178162 0.48839002847671509
0.23699016869068146 0.22399029135704041
0.4830792248249054 0.53055304288864136
0.49447017908096313 0.48291566967964172
0.53880351781845093 0.46123284101486206
0.607185959815979 0.51225954294204712
0.55582535266876221 0.47952991724014282
0.55944108963012695 0.56363207101821899
0.62727785110473633 0.59975302219390869
0.72475868463516235 0.62003237009048462
0.61431139707565308 0.49944058060646057
0.46607440710067749 0.38262474536895752
0.59590333700180054 0.48241779208183289
0.61300474405288696 0.47659376263618469
0.56854969263076782 0.45728704333305359
1.0612868070602417 0.53090459108352661
0.98793858289718628 0.35190325975418091
0.84759503602981567 0.36969190835952759
0.67269700765609741 0.30810827016830444
0.78511267900466919 0.38267567753791809
