data;

param numFacilities := 100;
param numCustomers := 1000;

param : costs capacities facilityXs facilityYs :=
0 627041 7000 92798.789290 92798.789290
1 898636 7000 72870.400533 103691.102628
2 832139 7000 41194.746420 92656.371380
3 562322 7000 52159.771734 62551.573734
4 828106 7000 65945.866501 74169.753573
5 763634 7000 44972.822187 75353.817791
6 572864 7000 98707.660669 83597.978281
7 707992 7000 69548.957506 62053.024022
8 855928 7000 69243.321861 48842.574133
9 646279 7000 46439.300837 97598.767037
10 867793 7000 103133.047694 63445.811836
11 563152 7000 95394.365699 55696.221160
12 567855 7000 78843.625251 89860.364242
13 637481 7000 70392.424743 97892.482414
14 734775 7000 95927.419050 68756.479748
15 746804 7000 87381.488263 60897.215199
16 792271 7000 88951.303171 67159.809005
17 779890 7000 69623.337108 91220.404198
18 750467 7000 77298.351114 53000.291909
19 827549 7000 43930.307849 78803.382291
20 761326 7000 87514.789897 60396.343776
21 610945 7000 64808.224893 78156.176920
22 588964 7000 96257.526684 61183.021583
23 654736 7000 78860.108607 79720.913053
24 870827 7000 57838.773057 43863.576364
25 893012 7000 82702.396658 60310.908930
26 738828 7000 91545.074729 51033.305537
27 848277 7000 48564.426197 78183.294307
28 807252 7000 71268.483067 78672.961568
29 757697 7000 75289.290097 52310.535579
30 668906 7000 88721.879155 113314.622645
31 771280 7000 69721.368642 59166.183364
32 876675 7000 87376.209343 55614.090313
33 753898 7000 59053.448067 38795.996789
34 886720 7000 47740.857352 67751.188110
35 869429 7000 82926.231347 95528.627707
36 568447 7000 65452.610357 84893.408319
37 641454 7000 92268.896394 103752.572328
38 844624 7000 111657.834771 76447.654449
39 841235 7000 45600.942999 79870.553994
40 731785 7000 78702.984181 47639.563646
41 701181 7000 63203.117359 85103.997704
42 585693 7000 40905.698202 96033.660177
43 783284 7000 86522.849904 93992.409413
44 838206 7000 70456.564755 70105.255085
45 616954 7000 70815.571602 60630.617892
46 777306 7000 79008.917984 55687.109738
47 696881 7000 87792.540508 73162.278104
48 912433 7000 85914.854872 106949.732472
49 713827 7000 80731.497036 72693.339722
50 728010 7000 88161.877667 88776.861483
51 595780 7000 98168.313668 100325.928072
52 726085 7000 53831.113425 63690.115965
53 863190 7000 64675.222363 70065.374129
54 844689 7000 63578.250040 84627.312294
55 590662 7000 71657.778719 71820.339937
56 649072 7000 77369.309622 57786.771127
57 913109 7000 38814.372191 89413.998802
58 576775 7000 40766.171780 90324.849348
59 558666 7000 84055.262428 107456.449519
60 787805 7000 64284.995188 102487.259146
61 764145 7000 81696.635039 52564.144732
62 767354 7000 99088.911605 69245.942428
63 916003 7000 78724.178338 105070.341056
64 742895 7000 84592.319879 78687.622259
65 777805 7000 66668.763828 75393.227818
66 781917 7000 72229.432015 56673.680561
67 912976 7000 84309.370691 49496.945719
68 595434 7000 95077.019135 92661.174260
69 611891 7000 59227.911344 69351.782894
70 759940 7000 111132.745889 69822.390365
71 585429 7000 104163.503992 73953.019948
72 799030 7000 91793.672441 83168.367432
73 750056 7000 56362.781366 52435.409958
74 746504 7000 81114.450815 61756.732220
75 605395 7000 78958.343448 64111.463281
76 710041 7000 104376.967562 58421.217323
77 869748 7000 77713.955167 63578.724248
78 709814 7000 47194.134163 78999.917833
79 705589 7000 87014.340831 53015.456108
80 635833 7000 71367.924359 106569.827916
81 673797 7000 89870.597588 62263.471844
82 742099 7000 46628.633754 98308.786023
83 861437 7000 72372.446748 76941.842724
84 632371 7000 92415.642777 88567.948115
85 835707 7000 67997.205797 81790.167880
86 754591 7000 57126.897000 68018.883086
87 558703 7000 91413.352432 82171.212797
88 704141 7000 57365.536078 98312.937325
89 579709 7000 101484.679195 69102.148017
90 613414 7000 105486.797084 64694.115062
91 854905 7000 64829.608547 85271.519835
92 713952 7000 37542.001964 89080.474158
93 885683 7000 100081.736848 98990.735461
94 884062 7000 88587.348188 68769.587778
95 715537 7000 93766.475044 92182.655644
96 815589 7000 65338.285073 47653.594664
97 736888 7000 49617.788188 91575.669850
98 580291 7000 40086.793741 90066.271335
99 780756 7000 46850.499224 71095.089897;

param : demands customerXs customerYs :=
0 94 64434.469264 14263.068969
1 13 73951.942721 77372.602748
2 72 61215.337810 106947.223605
3 29 73699.627935 75311.507603
4 94 102306.758259 28441.758422
5 55 72302.168414 77808.791881
6 51 74703.535318 98954.317305
7 57 109429.024181 58617.820038
8 2 73799.371136 76988.320622
9 7 73950.286180 77128.494662
10 17 73160.970493 77080.683966
11 66 54371.908751 77213.853816
12 53 64568.319357 59474.216320
13 50 82414.273358 72036.396796
14 41 83816.079637 66763.391470
15 11 74267.392483 76825.604888
16 41 60933.754004 85296.157584
17 48 75622.867511 56276.967354
18 75 83185.066882 53452.913536
19 69 37774.317985 66037.969429
20 12 73940.202357 77850.612351
21 61 48059.492722 102719.035630
22 90 39517.959073 121859.789981
23 79 74447.077067 26267.916055
24 50 60181.469788 95555.111429
25 90 77771.858955 33469.491419
26 82 39317.190838 38659.256527
27 84 18114.689282 80305.441904
28 37 80944.378309 70155.164339
29 69 56312.390168 57170.030168
30 88 42609.983038 120199.108146
31 4 73825.329777 76960.465503
32 27 72791.883326 78434.315065
33 51 54525.002520 84468.728064
34 52 46036.744975 81705.470721
35 51 64395.921057 92524.243781
36 9 73473.931587 76800.290871
37 2 73795.127994 77011.814236
38 26 71767.388072 75950.450785
39 99 129786.059619 92071.725149
40 91 128393.700628 51932.958208
41 67 82975.948379 51137.959027
42 75 61561.515725 42447.078241
43 1 73791.226524 76997.768482
44 17 74863.843576 76031.463706
45 2 73798.233256 76995.545566
46 71 59329.043560 47850.114917
47 93 82759.001216 40551.047273
48 69 49870.218021 67569.737370
49 8 73770.734929 76938.085458
50 36 77865.941838 76727.635400
51 40 70378.857357 73969.730800
52 31 79450.577582 74874.653863
53 80 87707.710386 135089.417273
54 41 82636.928472 89265.832064
55 97 49202.530802 101554.000068
56 25 76350.540819 81110.042084
57 99 143176.916392 94142.729531
58 66 122017.474143 67702.802988
59 2 73789.410279 77008.422355
60 20 72111.825065 77964.326522
61 81 109500.277145 65938.763190
62 53 95253.324525 104614.566592
63 90 109914.169554 141316.688533
64 56 102395.604554 58378.828851
65 96 57420.764943 27845.629735
66 86 20809.649557 88273.194746
67 51 56397.447146 89211.773429
68 18 75389.953769 77301.115799
69 3 73827.456745 76966.024360
70 1 73788.573241 76998.211108
71 2 73808.753392 77008.081363
72 98 32110.521473 34550.431751
73 1 73798.214195 76997.296177
74 97 33524.639335 132691.002089
75 56 100758.961911 74209.021354
76 94 107987.044848 125940.029151
77 98 132320.686196 63034.830080
78 43 60706.061995 89717.132642
79 72 90035.206867 122498.778019
80 66 110195.611046 88517.356066
81 80 106555.769486 41417.545969
82 90 101789.746700 109158.252856
83 44 75933.836879 70000.906558
84 24 75042.681318 75833.676825
85 42 73527.287167 75853.478265
86 79 28387.739669 103922.569957
87 27 73904.272219 74605.966413
88 37 68187.682822 81233.160295
89 92 128251.898436 47762.817358
90 20 75536.771736 79488.908097
91 54 60389.560119 62915.799185
92 84 101804.759435 33242.068979
93 61 46951.386935 58021.327861
94 67 97168.791439 73774.472698
95 69 54176.493921 107601.113597
96 50 72829.784170 84700.096364
97 56 58582.899883 51515.964643
98 91 57948.160361 5853.629827
99 50 71546.290138 83129.587346
100 98 127796.553916 54870.798487
101 94 129759.149646 58999.938772
102 18 74065.779970 75978.037571
103 54 61120.274555 66867.991706
104 62 71611.497877 96741.234929
105 3 73782.218143 77025.284596
106 31 69627.868291 75149.684999
107 76 104574.991894 119814.679973
108 59 69381.730723 94738.590599
109 75 119075.795239 47531.874812
110 33 78641.322011 75876.232608
111 100 10996.967927 68138.391612
112 26 71341.524814 72379.148631
113 91 54239.840096 137737.539362
114 18 72523.124217 78151.565486
115 28 71669.461713 77439.190398
116 48 96666.330872 81213.243050
117 95 109700.053452 68021.662053
118 49 58726.770827 86688.350751
119 86 8247.712884 102709.331364
120 91 15095.206596 113907.236410
121 17 74411.798577 76886.183827
122 37 80070.624180 71991.819439
123 12 74271.309379 77809.961994
124 37 74998.839378 80093.561744
125 34 77549.068002 76981.575992
126 19 73542.186077 77725.560696
127 15 72493.267384 77821.324848
128 63 100967.318201 113022.529719
129 70 107573.055907 90048.085116
130 87 63174.577291 12823.401153
131 40 64002.099178 89671.439969
132 32 81806.137008 72074.803979
133 58 81601.412875 51182.179989
134 48 66405.838818 69657.230069
135 81 56846.952736 124029.291333
136 32 75729.394154 76026.524386
137 33 68569.050359 70447.091899
138 62 60355.328429 97579.656076
139 82 41361.699695 46335.695311
140 37 77751.617907 86516.849714
141 56 50403.401203 61205.436206
142 49 85949.588796 80460.942043
143 27 81582.348947 74739.812224
144 99 128354.315259 68983.063879
145 88 58052.013079 135223.405794
146 46 81061.623273 74263.993330
147 33 81447.515518 81039.862796
148 2 73802.073746 76997.731941
149 70 104031.128319 123673.423552
150 36 86366.536504 75874.025347
151 80 39722.038880 111982.239387
152 95 76745.342464 13614.542078
153 26 77182.631141 78733.747408
154 28 72492.156260 73708.116739
155 13 73437.743166 76076.322743
156 92 69310.035097 113780.963052
157 37 76716.388596 67847.542152
158 98 136169.927915 80399.006661
159 75 115084.056907 59063.088509
160 63 47007.086392 98660.732940
161 19 73209.633115 75619.306467
162 47 83955.982885 83077.737330
163 34 78173.678499 86245.941637
164 57 100280.619183 61667.061239
165 9 74059.246554 76816.437093
166 25 71683.813061 79388.879526
167 65 101422.552083 81397.742400
168 17 74936.940674 75991.165943
169 76 51289.534117 52185.517477
170 26 75104.030415 77145.961621
171 91 128650.541071 86687.614889
172 73 48053.667189 69500.229347
173 49 76609.562471 56287.977824
174 69 80310.805508 115239.622415
175 17 73943.692396 77640.964243
176 59 67652.608131 80593.158199
177 86 113173.198278 115496.800767
178 3 73756.328104 76994.401418
179 30 74784.794314 75734.178651
180 7 73781.863999 76889.239001
181 46 59722.281963 66498.419505
182 96 116751.097166 72530.963796
183 41 83698.842017 66305.504956
184 22 74318.478457 78631.395470
185 62 100088.089698 96826.605972
186 13 73978.877964 77723.182925
187 48 71071.279423 53484.575753
188 38 71621.391284 90786.963415
189 78 73146.175768 22225.927503
190 5 73693.220100 76977.130354
191 87 34908.606539 63862.426495
192 80 97255.756028 141399.096425
193 66 99883.978818 118529.666246
194 16 74507.044512 78053.713178
195 42 72377.525874 68122.381746
196 26 71993.334664 76319.792567
197 74 51242.292726 53023.596330
198 21 73951.355626 78627.926349
199 69 70127.966542 97044.106808
200 19 74439.693114 78660.988303
201 86 137538.355465 77064.002031
202 38 62585.697458 75481.188604
203 19 75932.938453 77627.967393
204 63 54748.943943 70441.421798
205 7 73881.213230 76900.768512
206 69 99081.959948 103214.285652
207 14 73725.234786 77393.352234
208 95 93587.565455 31737.490594
209 58 65826.684946 49695.480231
210 49 69590.430902 82440.197924
211 82 93153.321569 135293.180840
212 90 8104.812518 88201.298922
213 20 75312.907585 77591.265086
214 24 75153.261785 78118.232763
215 78 56573.748801 25716.189858
216 57 92648.035738 117133.525125
217 17 75664.970708 76399.730090
218 43 87785.491912 66346.854858
219 18 71977.291756 77990.217139
220 76 77925.269125 99467.131957
221 54 79687.980143 92619.965767
222 52 57952.206703 50622.354050
223 45 75523.543675 80110.428135
224 97 129143.246510 30012.745740
225 41 72151.030528 69231.662173
226 100 120704.064535 42920.008521
227 72 31718.978826 71853.908613
228 70 37085.693000 101940.409486
229 4 73748.468628 76940.120980
230 67 78705.953392 47234.934309
231 52 55963.461141 93412.147333
232 43 63823.954158 74837.757407
233 25 77467.146871 74411.412603
234 43 77151.319812 59480.672467
235 59 109580.921686 69765.466007
236 38 83233.738452 82901.529877
237 59 55815.890423 60104.561158
238 51 87472.351534 106887.025007
239 56 72523.378243 55464.161123
240 43 65621.736900 84958.133830
241 62 107561.209271 87055.005454
242 77 49236.506197 47596.416700
243 39 66962.510785 81177.475628
244 81 111095.364831 97293.947114
245 93 116741.526522 89984.139880
246 81 109759.937458 80203.372305
247 26 74140.151954 74570.230948
248 31 75058.341414 83338.161390
249 94 23825.148821 63476.908856
250 28 73458.677978 82846.581461
251 86 123070.147394 87641.500456
252 5 73818.917157 77107.160668
253 38 67474.833611 61515.885410
254 67 49828.210046 99301.322728
255 14 74765.030432 76523.828920
256 72 45968.461886 36617.737501
257 63 105689.950234 95995.556817
258 24 72424.937000 78320.586793
259 58 72320.445838 57626.935864
260 69 70345.662149 31552.783390
261 95 139121.902771 68141.731486
262 19 72559.881716 78865.544643
263 2 73807.985355 76985.968473
264 100 92725.245814 147916.710427
265 87 112871.576521 101183.338203
266 87 48462.081682 103679.277181
267 35 68943.916105 78256.324111
268 6 73751.966411 76892.175541
269 98 110571.892958 95002.865764
270 68 53847.393850 31621.312205
271 48 83113.163279 84072.018125
272 46 85825.664761 87723.538474
273 7 73748.811681 76829.262407
274 83 95464.953862 105989.785131
275 51 74744.823456 51723.459628
276 12 73817.001104 76310.430213
277 74 47585.330778 109000.225974
278 51 49270.058482 86320.561661
279 96 82965.720562 139118.854434
280 31 68558.040650 78945.694881
281 48 56990.532380 73500.537559
282 99 11087.724482 98884.016450
283 86 99679.297196 29310.276853
284 71 96932.231656 81831.853723
285 25 71594.458380 79006.817419
286 81 127953.757953 94440.631885
287 6 73636.304026 77076.370286
288 85 115461.853262 79351.194441
289 100 0.000000 104952.385877
290 64 62199.400027 110548.848771
291 18 73046.181716 75504.612696
292 38 81544.848775 84958.545003
293 12 73234.359846 76965.218286
294 72 52307.830946 77469.866014
295 55 98091.490650 80804.469155
296 84 67295.797738 37020.178666
297 14 73427.733152 78067.708450
298 6 73947.776307 77000.768552
299 32 70178.206970 75590.460193
300 55 99611.780404 79473.632810
301 41 75348.605329 87941.096071
302 35 60997.925928 82153.932286
303 74 79065.732867 35130.969845
304 49 91874.849076 92922.303651
305 61 104064.338483 76652.892842
306 100 39043.818695 102337.515456
307 13 73834.311187 77176.153880
308 28 77672.678964 74578.788080
309 93 6519.103568 106159.000280
310 54 64094.351496 52854.888115
311 25 70527.773995 79943.135774
312 100 79360.435880 37956.933777
313 24 72432.439768 80319.705110
314 82 120260.815627 107995.029129
315 21 75189.382126 78780.875958
316 73 55720.267801 57576.158638
317 47 80007.533189 78969.966332
318 26 76807.640405 79267.824647
319 94 18049.196777 90413.466633
320 32 72614.338625 85940.408799
321 68 78902.171326 52654.976946
322 46 70377.828563 85565.021531
323 33 75627.520142 70487.478209
324 9 74173.142252 77095.656787
325 47 99643.150664 76055.701697
326 13 73543.783954 76268.833183
327 28 73307.753194 78987.750329
328 33 79184.885265 84448.742833
329 100 72992.269655 20179.456251
330 42 79695.115311 63847.814953
331 3 73814.025523 77027.160513
332 12 74296.076842 76853.475430
333 44 71417.563587 86941.762386
334 45 56041.681452 74389.988970
335 80 109602.559624 101991.834203
336 28 78093.926753 84662.096088
337 92 71133.283379 138686.140396
338 16 74373.751454 75985.457993
339 36 71340.333920 79869.607115
340 2 73790.971980 76989.733753
341 31 71290.658018 73175.544895
342 3 73771.799042 76951.362190
343 29 69854.101502 75334.115089
344 14 74074.684481 76271.545904
345 78 45314.745201 119065.738664
346 94 87526.980672 43937.585984
347 31 79635.514183 78646.674329
348 24 71424.180671 76922.765292
349 47 84407.492492 97188.836897
350 13 74116.785481 78235.973210
351 85 81303.768992 98657.026135
352 34 77301.578806 75430.701557
353 73 55822.933153 54195.768272
354 16 73999.219833 77145.607314
355 58 68593.464963 68820.743028
356 32 74687.477521 75426.715256
357 74 60846.560833 76589.599166
358 31 77331.845535 85190.727078
359 42 67541.672556 80559.477178
360 78 83738.714413 118868.167775
361 80 56269.395253 37885.415942
362 71 94051.091993 130295.490207
363 54 53391.990140 79174.817539
364 61 59041.821623 35531.914336
365 88 134499.041020 87911.768382
366 77 78400.259467 122213.293058
367 85 95190.197196 111675.601996
368 45 78510.549516 75056.085722
369 53 95969.523004 105448.086212
370 50 86049.355131 79785.365464
371 42 69021.138634 76182.897959
372 66 61209.963141 45868.705436
373 64 58068.837041 48951.049879
374 100 137398.717431 78780.677664
375 60 47897.098942 69250.359348
376 44 81541.827762 75607.132621
377 89 51259.430219 101844.168791
378 60 101542.968771 94022.583772
379 44 57154.831939 86861.917755
380 74 121947.869169 68605.240030
381 21 72953.597451 74532.978382
382 16 74464.511576 75795.550742
383 48 88763.979623 86401.038703
384 100 112488.647173 41231.772334
385 90 76761.916282 20532.711669
386 81 102198.637144 132504.596644
387 54 94880.644393 91251.308166
388 79 29940.264412 88225.999415
389 24 77204.816843 78590.684835
390 58 55610.897745 101000.418758
391 59 47057.546812 93373.513412
392 72 108926.825680 108797.699084
393 18 72815.558890 76075.439636
394 56 73294.116525 46172.895913
395 4 73739.609099 76990.051593
396 16 73909.750571 78016.849856
397 26 69044.317175 77946.609935
398 98 128818.936073 58835.482184
399 64 89444.848675 61633.728379
400 49 57048.312509 91123.575750
401 6 73819.013780 76828.461105
402 4 73838.061603 77031.595660
403 89 142319.494262 67128.141518
404 35 73194.223249 75995.063244
405 19 73385.271920 78162.837511
406 83 124820.963223 59629.282055
407 61 65806.961498 112912.802175
408 3 73761.915890 76987.631031
409 59 92879.663859 55613.600033
410 53 94072.827352 91379.208144
411 95 59564.491820 104301.448030
412 87 103981.971004 32614.232989
413 22 72390.174688 78678.311199
414 47 74500.058284 75743.160124
415 87 83408.647583 47464.882276
416 1 73794.852912 76999.874722
417 74 49957.693972 108266.181362
418 22 75155.329612 77841.924904
419 54 87350.528169 106537.057245
420 53 95690.062790 56955.277743
421 77 111912.840223 114329.994566
422 66 125663.607229 63458.416961
423 7 73577.248085 76930.976735
424 96 105009.669877 37759.690966
425 72 83875.120922 131540.694983
426 18 74546.991049 76948.468783
427 22 71604.890553 76350.491555
428 54 109735.754083 61998.728042
429 92 110641.043848 148053.224336
430 60 95998.732118 50194.193543
431 73 104870.233802 47410.911642
432 96 49373.652198 10376.825538
433 85 127126.205716 48921.027655
434 84 29908.959560 108551.410812
435 21 72664.436471 78176.742250
436 59 71267.644048 46332.140775
437 46 64781.180399 69221.873248
438 20 75898.245069 78705.019042
439 23 75389.314021 75610.979626
440 71 65736.019111 102134.530353
441 9 73599.796472 76862.854804
442 45 74707.054633 72993.875756
443 30 68006.480298 79168.034357
444 79 61338.418973 103280.183167
445 27 74251.974001 77664.977612
446 26 70312.015023 76639.453904
447 67 25967.342427 99689.240587
448 93 19074.239264 57657.889160
449 26 72040.472266 73324.087219
450 72 59184.337719 99295.775479
451 46 55490.263449 80256.749024
452 9 73615.608052 77032.756677
453 66 79028.886581 35439.119487
454 3 73798.012036 76999.259558
455 21 70267.334664 78346.853619
456 61 50674.452211 75368.169989
457 56 101425.045596 99826.716349
458 33 75734.508757 78662.660232
459 40 88007.524794 82114.239304
460 5 73692.837547 77055.145419
461 84 31424.037246 80771.917342
462 97 104898.879035 25844.607790
463 21 72725.756999 74257.535959
464 6 73830.216945 76906.626170
465 93 121950.215943 59445.961590
466 92 93913.024547 30779.718187
467 41 78588.343299 97374.148643
468 60 31743.452965 90659.498325
469 2 73768.288775 77007.544262
470 41 77590.921651 65631.232108
471 45 77090.673542 79563.589243
472 7 73969.461047 76983.968023
473 52 92513.649119 104598.854653
474 94 36391.212004 37167.994826
475 80 45394.699485 54559.496005
476 12 74157.222617 77044.490735
477 76 46851.025195 101187.441598
478 51 77436.779058 90944.843783
479 93 116228.839366 86968.137680
480 65 63555.677724 51285.148894
481 77 43978.893885 93775.359750
482 68 111760.753999 64300.862079
483 92 22652.962155 73883.515020
484 82 74684.643451 49375.110379
485 90 106929.830823 85749.942315
486 79 86438.491165 120587.358904
487 72 49801.109173 67185.059028
488 78 78573.147070 119463.248161
489 90 93781.249025 123643.323518
490 39 76004.397945 74573.855750
491 43 77658.114723 77655.326022
492 3 73797.901130 77041.505548
493 94 91212.202645 27459.543181
494 11 73869.486897 77698.107547
495 8 73688.100311 77187.940233
496 61 100287.618708 62189.643300
497 43 89333.254843 91868.696575
498 86 41097.618271 50733.610487
499 19 72834.186696 75631.786979
500 96 104084.524282 155925.335690
501 55 67548.683865 49616.274919
502 21 72116.714559 77790.294713
503 97 97170.443338 54151.827581
504 45 101405.169944 76991.213929
505 64 106604.326312 54374.579406
506 33 71962.647879 72484.515838
507 18 73673.001904 75732.438628
508 43 83494.994638 75471.727266
509 60 106353.590534 79738.917798
510 53 45977.226836 86968.130819
511 43 76294.415459 73956.557360
512 25 74581.557992 80902.574512
513 35 74173.364612 85547.570075
514 77 118906.781672 65265.978713
515 66 49814.369166 42989.616732
516 23 73851.194114 77599.283024
517 53 96729.357968 63436.221321
518 95 35654.811166 37800.216806
519 7 73985.110052 77118.434441
520 20 73926.278502 78116.499193
521 39 78051.819466 76159.360836
522 74 115515.533336 96727.960056
523 37 78450.005671 84207.858679
524 88 125222.378031 40565.333532
525 21 74893.811583 77485.134180
526 58 66328.562973 41377.962778
527 100 22247.872642 98414.493029
528 23 75584.929061 79132.451973
529 41 78919.177907 62316.723741
530 14 73483.960599 76511.710711
531 16 74603.241343 77759.208193
532 26 71946.783260 77370.110246
533 93 36615.765757 96281.398641
534 9 73845.167461 76889.310439
535 78 50673.657121 98191.825698
536 63 41644.956198 86553.021841
537 43 66020.633394 69903.244712
538 95 51752.946176 52895.744774
539 83 103214.354325 97448.702805
540 40 65463.152555 78079.489805
541 89 143415.812910 57101.230476
542 59 70302.223600 51940.358169
543 44 59926.122977 83624.678879
544 9 73847.055211 76818.921875
545 47 101705.506081 70301.497727
546 84 66739.594327 39747.343661
547 22 75386.825813 75585.993847
548 41 81279.787326 90917.144462
549 100 132920.528531 89783.899525
550 18 74178.124785 76501.415071
551 87 61350.978068 10828.788592
552 68 100248.526699 49797.818610
553 35 63130.556511 81663.419144
554 28 74603.073933 75923.186645
555 90 100898.326266 33200.397378
556 72 101015.994637 55452.849235
557 32 71273.043390 72744.738070
558 26 75744.875370 73951.507185
559 60 38188.824611 80636.763887
560 97 92160.669199 34006.691278
561 100 108790.484328 91951.206809
562 18 72851.998988 76922.459848
563 46 76320.643451 100820.060280
564 74 55677.058886 104082.724025
565 54 82529.510633 85535.937082
566 95 122693.673658 66563.264704
567 86 114856.981133 109679.245963
568 50 87302.500275 67935.802750
569 53 42269.625997 91485.102861
570 48 86408.179800 109515.915986
571 92 142786.890863 61540.201451
572 45 81495.337371 71712.074324
573 14 73575.157244 76636.675135
574 41 73382.391618 71064.344132
575 10 74375.283361 76764.295399
576 35 69398.897942 74116.860459
577 21 75954.069459 77806.930721
578 55 57177.188019 71099.279513
579 94 123552.314443 110570.945578
580 53 98656.514070 81802.958100
581 86 115183.285708 130240.286465
582 97 128696.886859 75110.700198
583 26 73538.782477 75026.776959
584 30 69773.366988 71364.083524
585 98 49121.934152 27249.628496
586 17 74629.107898 76046.000876
587 54 85679.990443 79521.546764
588 63 105364.763520 107912.256516
589 98 120351.212296 117335.383070
590 11 73666.570934 76296.507885
591 41 73289.042456 84665.701583
592 13 74050.766538 76671.780218
593 97 137244.689861 89038.610043
594 2 73769.996007 77008.485422
595 54 51117.864940 80207.514948
596 18 75302.181065 78210.854665
597 65 83313.789571 83901.048364
598 34 76324.178661 71470.279449
599 78 50779.382094 119107.450033
600 41 66489.984135 77099.663461
601 61 89436.428259 49766.845459
602 57 95400.730903 78618.056208
603 23 75616.557961 77043.649144
604 1 73786.066324 77001.586831
605 15 72705.659580 76880.918352
606 66 115541.099396 55807.098424
607 28 76394.496619 80080.518615
608 84 101902.261558 66487.339002
609 71 114290.624628 67716.497827
610 74 93573.900010 133151.871168
611 8 73876.263584 76907.164892
612 45 85271.345585 64377.948270
613 44 67726.104007 78234.941464
614 33 73609.607692 70864.175260
615 34 82093.525562 75546.546194
616 55 91558.960850 93323.245701
617 41 84116.346939 67753.663255
618 75 45459.785299 91500.427160
619 59 55036.043525 76906.922448
620 39 75670.681963 83147.580656
621 90 41694.701399 30404.061341
622 89 65285.007611 140446.142596
623 10 73491.290545 77363.490877
624 56 59525.999892 46060.437797
625 73 56154.511560 61562.450303
626 80 64788.925545 110790.630382
627 27 72808.718558 76197.671752
628 73 47051.710790 36694.075338
629 4 73758.504993 76957.535879
630 3 73763.810787 77019.144373
631 40 91903.703187 71592.903069
632 48 64766.307379 78566.173841
633 64 55607.163072 52422.403423
634 60 66700.127419 72900.715196
635 68 89932.531893 118280.457927
636 36 68988.542819 75943.012360
637 56 114180.075318 71268.175133
638 35 74351.686957 70419.263886
639 87 57671.640242 132060.451196
640 11 73629.661173 77063.444503
641 11 73831.964479 76528.853016
642 39 59116.335823 78710.682374
643 35 77368.704768 82073.213366
644 38 72244.759290 80047.761782
645 74 95774.452001 37322.500715
646 88 108959.843554 65608.682728
647 56 78585.030255 104201.137506
648 20 72576.373654 76335.599741
649 60 113749.521357 81409.087433
650 73 88969.487518 82263.639734
651 90 78817.648710 136722.534796
652 89 60162.520554 42589.457269
653 34 77261.035034 92697.074296
654 76 107611.893071 71354.014517
655 44 78333.642180 81062.815660
656 17 73436.454325 76253.057550
657 63 94162.202986 123270.177644
658 84 45136.377420 100029.055688
659 31 66033.850483 78877.508894
660 87 107129.206752 45254.224330
661 60 65855.406478 44713.607068
662 14 74969.309933 76565.211443
663 58 51976.840176 97497.736815
664 63 86766.249007 44904.402455
665 96 140164.568277 76141.887877
666 70 55442.740712 33880.892588
667 79 91972.983834 133537.091016
668 2 73785.381397 77005.943557
669 1 73792.606258 76997.985976
670 25 74444.851870 82241.608671
671 74 27558.941476 96469.683859
672 93 98615.198320 118790.321821
673 85 83489.099315 115366.665360
674 42 71565.831895 80328.168029
675 67 42385.398829 100471.320545
676 61 95680.503748 98670.554944
677 47 62204.630124 92796.443031
678 37 75612.825654 77480.666700
679 23 75353.724895 77964.321377
680 7 73885.651845 77214.942299
681 24 71453.139293 75985.864887
682 51 76023.991682 70280.388613
683 30 72516.225937 81484.621887
684 9 73341.416054 77093.381945
685 43 77023.318367 73422.920194
686 95 117663.104570 33423.985196
687 63 68006.479524 78403.933941
688 84 27911.385221 84637.013361
689 77 42098.503808 97257.410570
690 54 94878.004866 70805.618386
691 71 59723.162245 40165.893578
692 44 74299.553950 80293.692253
693 29 82083.311470 75477.361846
694 63 99385.329679 56910.673157
695 83 47034.655367 116930.227577
696 47 59138.562692 85050.870659
697 41 65925.645473 78811.185490
698 95 71367.493733 29085.217219
699 72 104234.680572 65070.070798
700 78 33930.905084 65921.539101
701 98 133657.074963 79932.030249
702 22 73246.320275 76185.141726
703 8 73468.623043 77219.923509
704 11 73703.535482 77334.247660
705 33 73173.068544 78918.158066
706 11 73257.312470 77550.782726
707 10 73339.622697 77417.765959
708 36 69761.370639 83323.459959
709 19 75878.000703 77344.652432
710 75 45315.156338 40844.252350
711 93 29829.883016 47242.474761
712 56 85467.254717 85330.010492
713 39 64203.427668 78958.723622
714 72 65981.767611 92855.024573
715 92 97290.093629 128757.518727
716 51 91871.152858 60676.742085
717 99 120570.848056 107962.963476
718 28 81697.408949 75645.029162
719 27 77218.874954 75269.928026
720 60 82586.764441 119769.822969
721 5 73767.996308 77066.019453
722 87 67389.093692 131116.155383
723 80 69429.529004 118335.655808
724 76 78715.119569 105129.003023
725 100 97140.355691 19523.300184
726 32 71940.797647 71580.296887
727 7 73513.782117 77086.540255
728 8 73916.310605 77329.525756
729 14 73902.591258 76112.506451
730 78 44827.906466 43812.797281
731 21 70994.111075 77936.902472
732 23 76599.482285 77532.628570
733 18 71813.439719 77800.417882
734 45 88318.626405 62832.029889
735 36 80273.251589 76942.019315
736 60 109305.159714 61236.725321
737 4 73688.013486 77056.957315
738 23 75772.666803 82179.869631
739 19 73730.267238 74885.276172
740 63 53052.330698 104385.312439
741 60 101234.221360 100654.550862
742 61 90233.828064 67172.045548
743 100 78208.332436 147633.352639
744 9 73426.185766 77324.057290
745 19 76000.906636 77056.471418
746 1 73788.923825 77000.340089
747 19 73495.838081 74952.993313
748 37 70996.132192 75897.961416
749 10 74499.209623 76880.108652
750 70 86999.538118 62192.268680
751 68 72825.146435 101740.335582
752 22 72764.666808 78231.427488
753 78 107357.038107 64809.542021
754 63 85971.076373 44441.979588
755 38 67033.216359 86965.640168
756 84 37106.699531 69057.885328
757 77 60920.497252 125884.272466
758 31 69225.493713 81693.613384
759 34 74789.910854 82341.860752
760 55 83046.133253 68106.826407
761 50 91140.030628 64095.760702
762 57 100365.368374 103996.220033
763 22 77271.263860 76149.880527
764 92 68610.369521 33516.225296
765 72 120101.496296 58979.954401
766 79 50875.870036 83779.342699
767 71 90687.651293 36538.490940
768 94 128978.903255 56529.217816
769 97 130071.544165 114054.937713
770 88 112063.450394 42392.289260
771 49 68865.678815 54755.384978
772 25 74126.316620 73136.699804
773 2 73799.570687 77024.668618
774 7 73489.777452 77134.814493
775 4 73878.785838 76989.207450
776 28 75318.108644 76852.935329
777 29 68419.226231 77830.586067
778 98 97810.837159 36917.050334
779 63 44591.420996 66622.304013
780 28 74343.811200 81522.500110
781 20 74896.533487 78582.041209
782 74 32923.300438 82279.372473
783 92 98011.470859 45482.942020
784 100 20978.038955 44237.813063
785 55 38884.918131 90173.782181
786 41 93528.752448 78199.017620
787 8 73403.494448 77082.072481
788 59 77381.606676 59807.281058
789 98 45771.518292 14254.731473
790 87 27710.737399 85781.929260
791 59 37826.932108 84990.055515
792 34 66369.446920 80614.421965
793 72 66858.667441 58579.905393
794 45 78784.500793 93472.387441
795 39 70034.775859 86510.914088
796 9 73861.086977 76786.347507
797 78 115352.361296 82628.400203
798 85 122671.073139 114452.197288
799 86 69472.041769 32589.664962
800 7 73993.968207 77126.170663
801 52 60515.128799 81607.192281
802 7 73587.719353 76919.013690
803 33 72305.086938 74536.206022
804 86 108299.471324 113258.714017
805 91 125547.283266 103981.823734
806 18 74217.964089 76135.040619
807 42 76713.153698 80139.782627
808 2 73799.410833 77022.557393
809 27 66759.098546 80279.372558
810 36 67755.252447 81548.260911
811 42 78414.898792 61568.642091
812 47 60418.807580 77946.151307
813 97 134442.046300 47366.351314
814 94 62982.867584 47891.857342
815 22 72559.974626 77018.929013
816 5 73775.818603 77095.399581
817 52 50865.973442 95019.842861
818 22 75522.884471 79768.922836
819 12 74010.764331 77983.223413
820 22 77169.160817 76484.928841
821 80 66212.017798 109159.975177
822 83 144738.965492 55460.980371
823 39 77564.107024 86454.075532
824 51 44620.042286 86772.633133
825 47 72234.422232 91358.734475
826 36 67583.757881 70129.461599
827 16 73543.085798 75670.242753
828 96 57438.684785 134313.600672
829 2 73810.512099 77000.558261
830 21 73993.643587 78082.616746
831 66 56934.625423 112075.894559
832 40 78238.496627 63786.250272
833 73 83485.340349 114604.458931
834 93 37786.771495 114546.539410
835 91 137547.779717 58336.280698
836 12 74117.834606 77822.640704
837 67 89867.356253 53395.283577
838 74 66298.058452 98651.842961
839 79 47953.092897 89446.943604
840 35 65887.790091 78536.590732
841 94 52754.005270 43330.598716
842 33 75512.400004 82671.714891
843 69 86389.367053 121124.681658
844 65 34672.741379 89613.631320
845 72 51563.058118 58480.052033
846 22 72162.321896 79051.517692
847 92 75225.192419 142359.019033
848 75 112437.862452 99097.670821
849 17 74457.926749 75632.294749
850 84 42684.432108 85782.732420
851 19 74070.407953 78410.464765
852 64 104281.354933 50955.659233
853 69 96446.302281 118130.758079
854 31 76532.143419 88951.997007
855 76 59502.027205 79809.049345
856 79 132609.108129 49910.306782
857 39 63896.541533 76526.184399
858 21 71569.404629 77471.690316
859 80 114502.622234 78707.608624
860 63 49346.815897 54689.251129
861 58 102423.832562 68793.508936
862 50 90268.056927 73116.438440
863 98 114886.742354 88850.562563
864 28 71752.003534 78054.272906
865 91 101149.519045 21754.439260
866 68 76912.586915 105540.692876
867 64 65588.092467 97410.543079
868 84 100680.130615 100206.358149
869 43 83487.781601 81862.181860
870 58 70727.245489 52367.918384
871 62 51327.858111 93686.791574
872 17 73288.697827 76331.640968
873 51 56511.348814 81248.972513
874 17 72444.337443 76943.425321
875 65 93716.609646 94298.822098
876 44 95409.944296 81054.135993
877 49 82005.152375 72852.263276
878 22 73078.686366 76730.315201
879 94 100170.071090 119262.052805
880 62 107653.197045 69735.042539
881 33 89385.044252 74178.639767
882 89 103772.869498 48186.671483
883 71 72319.719962 101325.915163
884 96 33380.246589 72827.189927
885 12 74488.100286 76892.176028
886 4 73775.738954 77018.531515
887 94 48239.864541 55819.182279
888 41 73853.257348 73444.577010
889 43 69748.922048 66399.067214
890 31 76947.481681 77527.791134
891 9 74037.991386 77460.043868
892 53 49312.167895 87014.538777
893 76 84637.298445 41280.995021
894 46 57249.000950 92328.123769
895 23 73875.009419 77234.620445
896 74 104914.983321 134172.880825
897 72 104506.528670 97860.504215
898 32 79287.557213 75384.501351
899 73 41431.777237 104902.018790
900 36 75500.390955 76957.791283
901 10 73524.535148 76510.782238
902 26 74805.612145 79894.543092
903 79 34289.811017 98534.916907
904 75 114788.932378 91454.882132
905 64 87045.994038 116747.916137
906 95 12370.656740 113275.129225
907 42 88474.647099 69749.420134
908 37 75682.823517 71072.491666
909 79 119561.444945 45279.922630
910 55 65087.955175 76682.010607
911 86 87976.889968 108232.995520
912 53 77628.072447 96071.289749
913 69 89887.763361 57918.819995
914 59 59128.054800 55376.001713
915 31 73066.591302 76936.034679
916 8 73648.011977 77048.784963
917 38 76259.758561 73134.935279
918 2 73811.167914 76998.853918
919 21 76713.900718 76236.271861
920 81 88171.280256 82977.600302
921 11 73557.592943 77388.372815
922 3 73817.268695 76985.328049
923 79 122312.838779 105512.546720
924 43 61135.608240 73962.161822
925 26 75651.553698 77672.887410
926 93 30777.586434 65952.960225
927 38 89524.755076 74330.232199
928 63 72640.825302 91328.402197
929 51 93178.894445 60789.100712
930 94 93445.537596 25819.461006
931 7 73923.486270 76949.979939
932 85 103870.481994 48325.303942
933 49 72159.501530 87784.425877
934 29 70367.612093 76949.774369
935 10 74038.048366 77713.175626
936 13 74012.521111 78144.238700
937 42 80414.018632 94669.146004
938 55 75985.297751 76464.314488
939 67 63533.216132 108269.810123
940 42 84332.821438 68691.525457
941 95 53284.469822 25324.598380
942 6 73661.384706 77105.302318
943 31 73496.292927 76651.976354
944 16 73873.148726 77512.132726
945 69 101334.506484 115305.474657
946 21 73811.947112 80300.440616
947 56 43094.386183 86359.004864
948 35 84348.715390 73419.827734
949 53 81116.798630 112075.649594
950 70 116232.063829 54488.498928
951 71 59219.236306 94205.696066
952 21 73737.639981 76541.120327
953 71 101303.890269 112639.735782
954 57 104601.011499 67178.144799
955 95 104395.612615 25793.178994
956 11 73749.597379 77038.961994
957 20 75782.938671 77149.953887
958 82 89722.105444 136215.046129
959 46 76974.433041 93171.365806
960 96 113622.480328 39122.628804
961 23 71950.501209 75387.553106
962 80 17746.635387 96849.889308
963 32 72023.358419 75143.250612
964 78 77949.419255 36966.211123
965 61 65364.205743 75938.998322
966 75 52116.396984 100528.180646
967 91 45969.418425 120589.441978
968 29 71361.776453 72549.695172
969 22 71206.038356 77298.610053
970 80 133884.325135 51696.014286
971 97 139977.827430 104460.126670
972 21 73755.005303 77712.389279
973 13 73682.939628 76437.457305
974 99 122578.615264 120212.725313
975 11 73953.295005 77480.478698
976 86 51315.570770 23704.608470
977 72 97114.258391 46274.677676
978 23 78057.507801 76802.504660
979 99 28993.161422 102683.523323
980 29 75649.852536 75118.452593
981 53 93394.799262 74045.827517
982 58 56187.276887 93515.937018
983 32 72403.543282 68474.542871
984 88 95866.898274 30165.305829
985 27 79462.593121 76318.898233
986 5 73738.185284 77004.034400
987 89 16844.415388 100731.980915
988 50 74086.048482 52084.996202
989 61 70765.393715 109017.427130
990 4 73725.772650 77053.984731
991 57 87099.303907 104429.227843
992 73 91563.307645 48602.086205
993 57 66276.613036 62348.814603
994 10 74279.057754 77230.193404
995 36 58475.369950 84813.832829
996 46 72772.286776 53482.272495
997 8 74111.635058 76985.345143
998 37 69985.132428 89388.625427
999 71 123626.357286 71209.696938;

end;
