data;

param numFacilities := 100;
param numCustomers := 800;

param : costs capacities facilityXs facilityYs :=
0 11632 5512 17007.672500 54651.820000
1 13394 5773 24690.900000 83078.112500
2 11329 5176 55187.110000 58704.257500
3 10989 5671 46833.860000 57896.305000
4 10668 4800 17108.552500 47441.552500
5 11946 5011 80676.327500 71684.502500
6 12560 3720 9003.050000 38539.672500
7 11437 5031 29018.470000 23717.112500
8 11346 4176 65417.397500 79748.835000
9 11504 4812 173.765000 53842.427500
10 11778 7591 43078.242500 44934.527500
11 12746 5835 52432.540000 82483.822500
12 11554 4535 38836.865000 13627.367500
13 10032 6578 79577.512500 44595.870000
14 10849 5839 17996.627500 5161.565000
15 11837 5110 57053.127500 21852.102500
16 11539 4622 1377.095000 92572.695000
17 12398 4679 87791.867500 56851.490000
18 12076 4950 68550.547500 65980.805000
19 11597 5833 70023.092500 32550.367500
20 13389 4896 37043.547500 30322.710000
21 10585 5944 10198.690000 6459.305000
22 12013 4815 80413.420000 90056.185000
23 11471 5522 89238.217500 90073.557500
24 11761 6733 69462.005000 76325.080000
25 10622 5523 57272.000000 28686.097500
26 12241 5543 28182.225000 79155.007500
27 12977 5697 67057.680000 69600.055000
28 11518 6244 73328.405000 63225.900000
29 11422 3019 23130.220000 91064.005000
30 10689 4111 53819.185000 82085.090000
31 9795 5019 59236.140000 0.000000
32 14082 5756 10378.170000 92155.790000
33 12274 6456 56357.927500 31360.010000
34 11576 4588 40658.837500 67014.935000
35 10758 4966 89012.340000 78752.970000
36 13506 3942 80395.035000 98321.052500
37 13325 5814 76227.262500 23117.370000
38 13887 6455 55750.965000 23168.640000
39 11416 5171 55400.497500 68428.065000
40 13297 5840 21211.825000 88802.427500
41 12244 3828 72825.525000 37672.027500
42 13643 6319 69726.742500 3162.667500
43 12202 4224 55916.072500 19818.150000
44 11305 4967 87077.080000 50487.252500
45 12406 4104 88947.257500 1944.602500
46 13402 4695 42081.675000 477.235000
47 11989 5509 62211.845000 66976.360000
48 13328 4595 90093.175000 93014.630000
49 13357 5101 69140.477500 75112.072500
50 14417 5780 50425.420000 4750.005000
51 12171 4587 78777.917500 28792.595000
52 10231 5012 60540.215000 9163.857500
53 10579 5127 50280.367500 3069.020000
54 12262 6300 63051.120000 75800.397500
55 10785 4724 84372.707500 59932.277500
56 11649 4934 15867.297500 24092.077500
57 11510 5124 85653.585000 82014.782500
58 11389 5474 81025.152500 92801.030000
59 14025 4051 43165.957500 99888.345000
60 10564 4108 11506.085000 51247.867500
61 11207 5442 97731.950000 76695.062500
62 11262 4441 94339.217500 19826.445000
63 9837 5636 88316.645000 55070.420000
64 10789 5022 53896.395000 88975.490000
65 14317 5192 99420.682500 3981.077500
66 10809 5404 12920.417500 86097.540000
67 13056 4799 25561.150000 34701.562500
68 12518 5555 7206.447500 67938.645000
69 11944 7361 38343.245000 14760.810000
70 11156 6006 50088.010000 92650.817500
71 9354 5041 29627.092500 65800.430000
72 12400 4472 19378.622500 23442.550000
73 12251 6061 83625.495000 61234.677500
74 12721 5882 59035.655000 56546.455000
75 11368 6232 96873.575000 92979.205000
76 13596 4339 25527.862500 39590.185000
77 11826 5413 6286.615000 49361.702500
78 13204 4893 58492.332500 14148.075000
79 12830 4121 41902.695000 14616.745000
80 13744 5527 65981.105000 86948.895000
81 13739 5243 82557.860000 1072.425000
82 12354 5017 88879.265000 52307.815000
83 12539 3668 50001.192500 61536.352500
84 13450 6462 84585.012500 53879.692500
85 12192 6532 77534.215000 56019.062500
86 11850 3297 15582.070000 78874.497500
87 12927 5258 80728.970000 16624.927500
88 11893 5934 27012.082500 97159.205000
89 14278 4135 3863.580000 25668.197500
90 14173 3237 33487.607500 83202.462500
91 12272 3810 90319.165000 49363.967500
92 11598 4385 26102.535000 56760.487500
93 11347 6169 68147.410000 68522.087500
94 11528 6741 46158.140000 24817.567500
95 11958 5273 43610.397500 61552.572500
96 13803 4567 56073.670000 11832.200000
97 13074 4065 75416.330000 64206.595000
98 13776 6218 44256.165000 62866.275000
99 12583 5277 92610.450000 41583.285000;

param : demands customerXs customerYs :=
0 257 87940.110000 21257.605000
1 529 72142.437500 78873.097500
2 263 2220.502500 28360.722500
3 409 91216.580000 80855.245000
4 409 17613.952500 66743.482500
5 510 70397.995000 56721.577500
6 249 17757.295000 99360.332500
7 444 78668.127500 50513.190000
8 516 61007.457500 44138.210000
9 517 89231.660000 68223.535000
10 354 6874.000000 9438.285000
11 387 1181.995000 62564.462500
12 439 35856.207500 4934.770000
13 488 83979.332500 79882.907500
14 414 74313.397500 8141.437500
15 337 8556.237500 26874.842500
16 421 81465.180000 63960.580000
17 405 95384.315000 63036.477500
18 323 75892.590000 97074.850000
19 513 67009.162500 89017.787500
20 348 73488.515000 58789.742500
21 555 20350.142500 72028.382500
22 414 41570.915000 79160.505000
23 481 49794.702500 13996.277500
24 341 74688.912500 26614.875000
25 378 41125.682500 97042.445000
26 363 1374.192500 93030.742500
27 436 84442.722500 17174.735000
28 275 36688.155000 7572.120000
29 414 76375.187500 62340.842500
30 443 57900.245000 96740.500000
31 510 84015.640000 98820.420000
32 416 94887.340000 39652.217500
33 396 51610.082500 11420.597500
34 360 15508.607500 28027.400000
35 400 96106.115000 25978.950000
36 411 6253.130000 49136.505000
37 402 25238.265000 71044.010000
38 480 18242.827500 65552.420000
39 347 76979.130000 72098.467500
40 356 33035.182500 29152.762500
41 378 77299.795000 89025.217500
42 319 61146.917500 34957.222500
43 317 48559.902500 24901.870000
44 419 21127.637500 10236.535000
45 409 60348.135000 61850.720000
46 332 77319.062500 84634.067500
47 312 6924.135000 22474.420000
48 413 41581.035000 4364.795000
49 511 28693.062500 38202.700000
50 404 36078.920000 44478.652500
51 394 66380.682500 9304.055000
52 373 12929.917500 10168.970000
53 190 56583.597500 20520.857500
54 536 44731.310000 47332.440000
55 411 95578.730000 26040.317500
56 374 45965.542500 27528.315000
57 414 5436.162500 76397.330000
58 376 14225.535000 42064.167500
59 445 65054.857500 36081.187500
60 407 53370.090000 23107.530000
61 421 7417.495000 77998.020000
62 281 93372.052500 172.415000
63 336 85024.960000 749.242500
64 383 33165.382500 19154.677500
65 475 65448.495000 28246.347500
66 294 31169.642500 5792.127500
67 455 67464.102500 85937.665000
68 550 74064.317500 17597.737500
69 352 53201.545000 36395.250000
70 328 50827.567500 83924.000000
71 439 62460.742500 73577.232500
72 498 79434.195000 10476.967500
73 339 77309.182500 9494.107500
74 389 42849.245000 39248.012500
75 302 21862.822500 15770.087500
76 426 12259.717500 53095.390000
77 386 54640.507500 75775.142500
78 411 88297.495000 32090.987500
79 367 71727.280000 15053.287500
80 233 19173.742500 89173.462500
81 406 49750.620000 62956.935000
82 524 83086.220000 36927.185000
83 501 52828.615000 7977.095000
84 306 68502.530000 47264.167500
85 203 84918.182500 34473.662500
86 533 49846.037500 16577.462500
87 314 98327.567500 66807.530000
88 390 46751.582500 21006.162500
89 544 599.092500 55132.027500
90 243 93160.487500 67885.120000
91 342 8616.040000 32416.130000
92 428 45639.797500 41511.630000
93 454 73600.492500 74507.487500
94 324 90191.672500 5352.222500
95 439 87733.490000 97673.957500
96 411 94872.395000 91957.350000
97 379 4060.840000 94369.785000
98 401 72434.847500 61082.265000
99 406 79337.620000 73180.750000
100 287 93270.835000 38782.540000
101 471 59409.995000 83269.420000
102 411 87864.840000 21132.267500
103 401 25515.285000 19906.690000
104 388 8717.820000 16844.180000
105 426 77897.137500 29119.410000
106 406 27659.382500 52871.012500
107 243 95137.830000 51009.475000
108 354 66819.607500 96836.615000
109 447 21097.690000 39190.375000
110 346 14063.860000 79312.557500
111 453 89909.915000 643.647500
112 342 57217.620000 99825.857500
113 462 32604.310000 2195.380000
114 305 92720.890000 4913.725000
115 357 98704.275000 15535.025000
116 420 12559.512500 634.455000
117 274 30152.137500 13310.077500
118 344 29141.252500 4371.855000
119 281 82840.375000 34091.030000
120 304 82101.350000 6534.542500
121 374 596.635000 47390.815000
122 257 92421.290000 2749.885000
123 459 71060.515000 89185.762500
124 359 3897.512500 44095.780000
125 426 99788.340000 69342.287500
126 283 87944.420000 44471.277500
127 485 15311.710000 87321.840000
128 418 85061.697500 6668.350000
129 425 39732.352500 72994.035000
130 464 26246.542500 8039.930000
131 281 85903.985000 36253.325000
132 452 37985.845000 92308.192500
133 355 52310.012500 42163.960000
134 298 52521.720000 74904.585000
135 307 23772.917500 74353.035000
136 443 44053.295000 64159.525000
137 300 3993.822500 27515.480000
138 384 84471.490000 24369.342500
139 370 40673.330000 95583.312500
140 314 88231.707500 71959.410000
141 468 50118.842500 30017.700000
142 385 10489.552500 76601.820000
143 390 2754.200000 76973.855000
144 214 9890.905000 68451.265000
145 360 49542.287500 53709.312500
146 442 68279.010000 13466.397500
147 489 43527.987500 82280.125000
148 378 973.187500 69706.192500
149 441 81053.782500 36647.382500
150 372 5848.360000 23161.897500
151 274 70652.395000 74739.182500
152 543 9646.090000 81844.730000
153 209 26904.105000 18133.810000
154 408 18821.182500 93505.660000
155 388 59141.517500 53304.445000
156 282 49615.477500 76076.100000
157 147 58331.435000 40482.855000
158 222 26148.540000 64441.702500
159 445 5644.700000 85535.092500
160 381 26903.527500 10134.042500
161 347 97392.435000 96373.455000
162 432 84703.807500 77161.487500
163 466 28441.522500 89295.827500
164 466 47664.742500 92316.815000
165 414 4253.762500 79798.910000
166 370 67966.532500 57689.152500
167 370 44180.042500 18290.710000
168 269 23264.860000 33735.357500
169 376 26190.560000 69645.362500
170 378 7145.727500 67888.360000
171 487 81635.480000 29102.720000
172 306 34128.100000 28765.132500
173 447 46760.442500 65793.312500
174 441 17159.737500 52759.210000
175 455 31728.455000 59885.032500
176 397 358.842500 91142.960000
177 366 89266.955000 31579.937500
178 345 85505.980000 93013.640000
179 412 43235.910000 55124.675000
180 265 40557.790000 35852.580000
181 451 59032.197500 20322.860000
182 347 52254.515000 37908.790000
183 431 52100.022500 20943.182500
184 379 83627.960000 28310.010000
185 411 53565.665000 32384.457500
186 407 62759.485000 5178.725000
187 442 28795.372500 22499.377500
188 409 5961.852500 38571.870000
189 246 5102.022500 72701.392500
190 328 11621.347500 81104.857500
191 377 67181.782500 70232.077500
192 395 92751.050000 51028.542500
193 300 96752.170000 62238.162500
194 420 85692.962500 639.135000
195 220 95655.387500 46455.302500
196 431 11075.610000 5465.767500
197 590 53066.482500 92204.710000
198 427 90135.592500 54253.252500
199 394 46125.735000 51144.837500
200 371 20399.752500 23298.882500
201 384 84006.585000 4113.495000
202 454 48159.575000 64803.270000
203 622 23081.517500 67474.975000
204 439 45724.100000 46870.907500
205 205 52300.495000 58964.575000
206 357 40889.650000 39975.930000
207 420 50819.920000 97983.542500
208 455 51855.590000 16448.227500
209 486 74949.395000 68061.610000
210 352 33105.040000 92165.492500
211 359 37412.280000 48150.955000
212 477 88946.562500 11459.897500
213 480 39829.782500 27667.785000
214 482 25994.962500 80802.815000
215 485 99537.340000 72191.232500
216 397 45261.360000 27243.577500
217 427 38216.717500 53343.875000
218 445 78416.277500 69960.277500
219 312 19603.235000 29024.837500
220 381 14216.040000 94912.450000
221 421 45221.180000 43914.180000
222 318 33001.005000 6844.865000
223 392 86931.112500 8132.910000
224 360 38472.742500 61479.215000
225 442 62674.872500 68313.522500
226 329 21310.327500 41737.070000
227 436 27064.825000 23507.107500
228 387 34970.847500 62315.250000
229 451 90842.492500 95159.480000
230 318 7670.062500 42517.000000
231 418 16620.317500 68945.692500
232 373 7748.217500 14226.375000
233 393 35140.140000 45066.995000
234 474 99609.032500 29194.350000
235 428 89940.767500 39436.362500
236 325 26444.030000 89541.012500
237 396 6262.397500 76188.607500
238 487 53904.615000 21326.180000
239 385 48731.835000 20006.580000
240 349 2139.627500 92972.182500
241 353 80633.922500 44467.455000
242 432 65315.270000 75945.392500
243 395 16392.422500 75500.165000
244 326 33147.745000 14063.345000
245 364 61271.775000 25273.280000
246 386 15770.017500 15173.247500
247 453 68896.747500 73634.615000
248 308 1362.527500 27252.715000
249 355 33335.337500 13267.340000
250 453 41532.040000 67464.682500
251 463 38320.350000 1620.030000
252 311 44905.195000 8295.960000
253 419 70784.387500 71660.337500
254 504 80752.755000 57500.160000
255 551 73341.092500 15013.952500
256 350 21767.602500 53934.335000
257 506 67514.785000 95977.810000
258 423 11266.142500 99942.657500
259 423 45839.152500 18241.522500
260 464 60629.615000 42479.542500
261 455 6286.952500 68342.580000
262 407 45495.185000 5553.837500
263 370 13231.030000 20303.477500
264 430 74010.492500 22358.040000
265 548 51811.547500 90233.227500
266 484 17494.500000 42435.800000
267 340 19972.385000 29752.160000
268 527 33855.970000 74374.727500
269 324 95651.390000 80727.770000
270 382 63082.787500 58375.242500
271 482 32279.440000 41858.430000
272 571 27019.952500 34861.110000
273 400 94963.780000 40477.830000
274 436 74234.150000 73088.465000
275 462 85294.492500 2132.585000
276 532 79912.660000 23342.282500
277 455 30174.340000 76464.705000
278 433 93868.925000 40379.210000
279 375 68629.405000 57530.685000
280 451 73403.547500 8018.705000
281 334 47433.927500 9883.057500
282 387 6346.852500 46301.057500
283 372 73649.035000 74234.232500
284 420 72142.640000 12675.760000
285 454 3262.725000 1154.225000
286 532 28860.912500 65262.865000
287 402 64297.962500 52507.327500
288 418 31274.035000 27880.025000
289 286 34438.230000 42959.150000
290 364 14954.567500 71225.095000
291 355 24328.607500 44741.747500
292 560 24116.155000 45384.925000
293 258 69991.182500 62057.130000
294 453 25084.355000 24737.885000
295 485 41077.112500 19297.555000
296 359 11285.895000 92845.152500
297 457 8136.882500 4570.310000
298 437 39577.217500 53138.897500
299 430 87286.695000 18104.567500
300 429 23960.402500 64573.332500
301 342 79795.632500 19496.262500
302 324 40648.492500 68660.312500
303 425 8213.975000 95665.207500
304 409 31488.970000 56193.365000
305 440 41105.290000 88284.012500
306 336 97684.760000 1196.987500
307 460 1754.815000 76659.412500
308 461 21336.462500 18912.830000
309 377 84359.795000 60862.260000
310 377 34339.840000 52518.142500
311 411 18509.552500 23238.565000
312 461 35369.817500 34499.822500
313 329 87327.650000 59030.382500
314 430 30494.955000 87845.762500
315 434 99637.527500 60947.645000
316 313 86264.535000 71315.970000
317 392 47713.512500 33515.122500
318 286 97100.722500 42582.180000
319 407 84666.802500 3619.470000
320 219 90161.197500 13750.647500
321 279 53782.282500 57862.820000
322 398 35735.922500 5949.582500
323 405 36519.435000 796.982500
324 426 66774.782500 36053.517500
325 314 75811.422500 72335.492500
326 253 4004.657500 30566.425000
327 387 57790.885000 16296.040000
328 337 57397.670000 41528.997500
329 387 74640.547500 20270.600000
330 430 74366.425000 59029.927500
331 497 47757.935000 85868.865000
332 294 37972.402500 39815.027500
333 403 63816.525000 59148.285000
334 296 9834.965000 97332.752500
335 415 98009.760000 77524.355000
336 468 55128.917500 23690.152500
337 389 25874.607500 69262.047500
338 439 60531.420000 90701.240000
339 327 3594.627500 80451.932500
340 423 77197.475000 69192.347500
341 465 15926.380000 46879.225000
342 231 94815.087500 83780.167500
343 506 94282.430000 83270.457500
344 518 25146.577500 38890.192500
345 391 74426.820000 5860.520000
346 394 19030.747500 40706.915000
347 368 54047.072500 92322.627500
348 407 25159.200000 63895.950000
349 426 96232.990000 63081.150000
350 333 26690.420000 6993.467500
351 314 5041.012500 16961.422500
352 331 21659.410000 60153.317500
353 241 63433.425000 87539.177500
354 350 82056.447500 16504.397500
355 294 5575.790000 16839.587500
356 462 13405.740000 26870.680000
357 347 43458.910000 15017.862500
358 277 20146.407500 71581.732500
359 476 1197.507500 72802.295000
360 395 2808.975000 17015.770000
361 406 9021.705000 82552.382500
362 304 92520.282500 6957.087500
363 372 57320.342500 63477.332500
364 448 79252.212500 33989.092500
365 306 69122.145000 95715.197500
366 312 10161.450000 43882.762500
367 291 10112.957500 3275.075000
368 317 37525.952500 82501.667500
369 365 37976.975000 81139.452500
370 292 66198.290000 55744.420000
371 657 32095.247500 27594.422500
372 286 21542.857500 19330.955000
373 442 13576.335000 77970.880000
374 359 44189.902500 50005.560000
375 396 50122.357500 2521.797500
376 413 51184.065000 84451.170000
377 435 33593.600000 33447.667500
378 389 44306.390000 851.880000
379 319 45450.985000 33317.380000
380 492 62808.797500 7887.900000
381 319 21172.315000 7386.667500
382 350 24442.250000 52769.002500
383 428 66697.832500 4913.627500
384 403 97992.830000 13999.480000
385 400 53792.740000 64243.347500
386 406 93501.382500 2309.825000
387 458 52974.077500 43239.762500
388 396 201.187500 35371.612500
389 298 96102.890000 2488.522500
390 317 63907.850000 27531.010000
391 252 45344.300000 88303.522500
392 319 36161.130000 17035.755000
393 364 50797.670000 58068.772500
394 288 86070.190000 80054.655000
395 280 6375.162500 32370.090000
396 411 5496.232500 10422.807500
397 309 55038.897500 79503.120000
398 328 64795.182500 40499.542500
399 415 31595.882500 3348.482500
400 450 86.400000 81239.195000
401 478 16929.795000 21646.265000
402 292 57596.770000 77703.892500
403 323 92310.760000 81347.082500
404 538 11939.930000 83474.012500
405 272 98781.900000 6140.345000
406 334 41793.530000 96347.522500
407 239 10958.575000 46017.707500
408 453 18538.445000 70672.960000
409 454 35484.232500 55935.102500
410 399 14770.122500 535.855000
411 454 95260.350000 63547.022500
412 402 89614.642500 82972.100000
413 399 93122.972500 95231.957500
414 360 46294.447500 97507.907500
415 332 92743.422500 50614.200000
416 389 7931.862500 41946.250000
417 419 48027.462500 34822.605000
418 283 57077.967500 10280.062500
419 438 36343.455000 43194.705000
420 432 68376.447500 73940.595000
421 479 42254.680000 52283.672500
422 447 91225.220000 32234.537500
423 467 47861.502500 44113.917500
424 441 46156.292500 88435.147500
425 371 39490.685000 93734.135000
426 413 25671.307500 39829.915000
427 392 83625.710000 91905.575000
428 377 41503.542500 15965.292500
429 471 92224.860000 55726.415000
430 542 29674.407500 65105.375000
431 358 54490.777500 44468.020000
432 468 18554.497500 35739.010000
433 360 85904.142500 39388.850000
434 522 38087.100000 37955.775000
435 373 58289.560000 8432.112500
436 419 19045.015000 79156.800000
437 341 30872.392500 92952.982500
438 462 92745.285000 40343.415000
439 430 96503.242500 29533.470000
440 336 50439.035000 78865.837500
441 494 70499.112500 54634.110000
442 333 68310.185000 88369.200000
443 413 10288.485000 16965.992500
444 339 92585.057500 19643.750000
445 492 71414.960000 93274.135000
446 300 80886.257500 37178.462500
447 326 37481.102500 84495.425000
448 422 27153.665000 89208.832500
449 615 18427.995000 31471.315000
450 374 48466.442500 89020.470000
451 400 44390.240000 47266.780000
452 344 91978.835000 24017.907500
453 212 52507.440000 11313.592500
454 340 8849.842500 63678.597500
455 327 95697.275000 87143.845000
456 368 8538.867500 81583.312500
457 387 98330.912500 21738.587500
458 434 3420.875000 54697.065000
459 376 12241.150000 5413.912500
460 318 39818.465000 84502.907500
461 429 36613.512500 74626.357500
462 418 27964.360000 53345.535000
463 397 65806.802500 71846.810000
464 515 30754.485000 92852.317500
465 460 68065.342500 97631.402500
466 485 99830.360000 34164.427500
467 396 35089.812500 6577.952500
468 270 33258.187500 51532.437500
469 424 13205.977500 21480.987500
470 336 52916.250000 94437.440000
471 278 82498.760000 49166.360000
472 392 53641.152500 88712.007500
473 281 45389.402500 94568.965000
474 488 95260.817500 45661.952500
475 438 28361.787500 40419.495000
476 343 29351.122500 976.130000
477 364 93869.677500 15654.482500
478 403 85913.995000 36807.030000
479 447 92942.112500 55163.577500
480 234 9901.395000 38794.662500
481 322 71808.420000 35626.595000
482 381 5555.127500 18151.165000
483 509 83863.517500 36766.105000
484 427 25186.432500 84962.750000
485 524 33675.410000 91964.562500
486 464 89134.872500 55815.305000
487 275 13774.940000 66001.420000
488 364 12015.012500 57982.365000
489 415 50423.747500 56227.567500
490 416 73559.212500 37040.305000
491 240 80923.720000 37855.300000
492 485 8955.315000 28484.932500
493 280 96654.855000 48650.070000
494 499 82834.362500 32328.305000
495 377 39590.357500 34030.127500
496 422 43502.680000 33952.392500
497 430 53814.550000 95797.207500
498 394 97000.950000 14998.967500
499 393 96693.755000 6278.642500
500 387 79442.850000 65623.282500
501 274 52600.892500 54989.722500
502 235 96354.907500 74406.792500
503 448 92115.210000 69873.582500
504 312 31501.962500 97936.745000
505 262 83324.265000 22588.792500
506 361 84393.340000 19326.557500
507 404 41575.262500 31702.727500
508 372 6665.240000 41111.520000
509 450 16489.365000 58409.360000
510 441 50082.825000 79461.725000
511 254 13430.692500 25948.860000
512 333 79338.457500 21265.785000
513 471 82151.132500 10490.722500
514 377 85912.182500 64325.432500
515 371 43468.762500 11181.040000
516 238 58460.640000 20104.400000
517 257 76094.910000 95419.782500
518 447 38831.635000 6308.102500
519 425 39920.812500 94767.005000
520 398 77990.047500 17121.670000
521 518 889.272500 11282.120000
522 467 75603.480000 51881.992500
523 196 81769.737500 70603.177500
524 524 55663.255000 29286.487500
525 348 93820.367500 44452.832500
526 439 15691.657500 86752.805000
527 360 17056.602500 30441.175000
528 366 96320.247500 91233.440000
529 368 80976.247500 64446.462500
530 430 52831.110000 43662.760000
531 433 13757.785000 38031.620000
532 443 77312.162500 20789.540000
533 479 73918.537500 43782.307500
534 628 78998.332500 43580.755000
535 430 95943.987500 74666.332500
536 333 77815.702500 5967.335000
537 515 5774.095000 38179.950000
538 356 93272.912500 41555.132500
539 336 5863.305000 70428.970000
540 400 14990.565000 19668.120000
541 437 64072.182500 55422.887500
542 357 96495.062500 93880.910000
543 357 56516.165000 28977.555000
544 444 58638.090000 34347.635000
545 356 87347.215000 71903.982500
546 479 11071.927500 41750.550000
547 330 97255.060000 17360.785000
548 409 47675.697500 43521.062500
549 374 52119.097500 66829.532500
550 346 13877.285000 27604.110000
551 558 66231.055000 56512.882500
552 407 13282.130000 73081.342500
553 399 89244.890000 19154.680000
554 407 67189.997500 80537.332500
555 580 85373.447500 83275.585000
556 270 34182.525000 35452.932500
557 407 16813.130000 74485.005000
558 284 69578.400000 94670.397500
559 318 85216.777500 57176.315000
560 362 10676.425000 28020.815000
561 468 72782.437500 1244.525000
562 408 8474.000000 85179.082500
563 389 29257.987500 50445.930000
564 312 68209.447500 64009.407500
565 472 31336.992500 98547.022500
566 424 56780.770000 34151.607500
567 380 69728.255000 25173.972500
568 451 63236.612500 43360.052500
569 295 21189.057500 37310.715000
570 304 92555.935000 59260.037500
571 402 42700.240000 41367.422500
572 474 8505.420000 19716.210000
573 410 58091.447500 2792.425000
574 359 81086.872500 79551.705000
575 324 43669.685000 12858.937500
576 309 52851.452500 26587.337500
577 479 43266.070000 17591.572500
578 374 38604.602500 48091.717500
579 490 33860.727500 20327.620000
580 255 34110.687500 38286.015000
581 325 1267.377500 56501.095000
582 420 37439.147500 20887.687500
583 518 28833.907500 96455.167500
584 374 73824.505000 74468.747500
585 347 89541.835000 43048.372500
586 429 2556.005000 37147.602500
587 453 49364.005000 93407.962500
588 418 34915.447500 79238.467500
589 365 90497.460000 72632.707500
590 382 13323.915000 22671.277500
591 337 68932.122500 79194.742500
592 391 62316.532500 41981.642500
593 240 86798.515000 54862.520000
594 385 51000.937500 55387.052500
595 395 13720.677500 75711.010000
596 411 91589.860000 42128.245000
597 458 48086.577500 54932.147500
598 471 36456.615000 94661.632500
599 383 65948.332500 4405.785000
600 359 10934.010000 75014.022500
601 263 83870.467500 3118.212500
602 246 41571.487500 4632.470000
603 527 9717.145000 73318.445000
604 369 10374.965000 38984.070000
605 373 3666.405000 99878.172500
606 576 94322.650000 99739.472500
607 461 48938.495000 40920.210000
608 398 3261.862500 97469.167500
609 414 40373.932500 96163.770000
610 344 57278.447500 97494.292500
611 415 76519.002500 34162.745000
612 490 72006.085000 51310.537500
613 453 28658.827500 76878.585000
614 288 32683.457500 47664.877500
615 287 36239.690000 81249.142500
616 363 84484.490000 69892.160000
617 428 41298.272500 66096.555000
618 374 73796.662500 86675.002500
619 361 46094.815000 97032.350000
620 346 99075.257500 5797.372500
621 351 3578.602500 34928.220000
622 374 71859.437500 19364.727500
623 412 89674.957500 79505.742500
624 280 72648.727500 65370.277500
625 472 77268.642500 22964.802500
626 465 88859.247500 17486.955000
627 414 24845.100000 77093.060000
628 448 54270.722500 21803.252500
629 323 98152.452500 58087.882500
630 478 6727.952500 21207.945000
631 343 78461.380000 26504.805000
632 456 44012.140000 65950.600000
633 593 84157.487500 98800.797500
634 346 45375.890000 8169.635000
635 364 79202.337500 14888.157500
636 460 45464.520000 89919.900000
637 418 76477.292500 59192.330000
638 422 24842.560000 70282.487500
639 415 62723.915000 10824.655000
640 383 49388.485000 57684.330000
641 387 1772.965000 36419.860000
642 348 57425.622500 71331.480000
643 364 31981.130000 89363.357500
644 358 880.972500 29443.830000
645 323 93622.847500 78206.365000
646 369 88316.460000 40189.195000
647 439 78849.562500 8623.170000
648 480 83084.322500 55383.705000
649 318 84035.437500 67918.345000
650 393 67923.370000 26844.810000
651 417 64206.035000 75525.267500
652 430 13735.197500 32662.927500
653 386 44759.795000 8283.822500
654 232 84701.212500 29966.027500
655 257 5078.522500 86972.430000
656 402 97674.415000 95914.845000
657 506 87167.142500 52463.497500
658 428 59938.007500 2038.147500
659 297 51332.492500 70430.200000
660 361 61372.195000 33593.710000
661 534 70239.095000 38512.507500
662 428 74411.177500 47677.907500
663 443 43392.637500 7312.555000
664 541 84005.240000 95852.990000
665 375 61633.440000 56615.675000
666 381 90974.462500 51245.890000
667 332 23507.062500 63805.917500
668 455 17198.327500 73643.900000
669 281 14412.350000 14557.257500
670 506 79462.757500 56141.872500
671 464 71970.105000 54828.467500
672 423 63582.637500 57534.180000
673 520 1512.490000 88664.117500
674 377 11402.527500 1798.397500
675 383 72534.345000 1765.902500
676 380 96479.670000 39405.172500
677 294 66750.517500 22112.715000
678 332 94738.390000 81532.682500
679 316 27256.845000 58257.365000
680 348 43671.247500 95902.737500
681 381 6518.652500 64351.107500
682 300 77029.287500 89916.230000
683 424 28623.902500 77492.672500
684 384 36463.427500 55869.252500
685 434 55257.357500 10235.797500
686 256 24138.475000 55595.380000
687 245 36613.980000 50139.247500
688 211 76845.672500 65806.780000
689 419 68972.250000 42845.962500
690 517 56268.617500 75697.750000
691 206 32705.092500 2634.870000
692 456 35996.677500 57116.737500
693 394 69400.510000 13806.302500
694 498 79025.455000 51992.800000
695 481 34728.505000 42861.077500
696 483 22946.547500 96845.467500
697 420 88582.480000 23411.122500
698 387 55811.285000 49703.352500
699 505 262.635000 83336.930000
700 451 34023.622500 53420.430000
701 382 73342.897500 11191.077500
702 532 97703.647500 69700.907500
703 334 36067.385000 37894.010000
704 352 1717.640000 11164.922500
705 348 26599.742500 16159.667500
706 339 91496.402500 68506.485000
707 447 88643.972500 52749.497500
708 355 94930.500000 28041.845000
709 309 36747.237500 93302.835000
710 307 24234.572500 33200.700000
711 306 6322.777500 78695.090000
712 455 54950.502500 23642.462500
713 353 48272.160000 18660.040000
714 365 55353.735000 55502.620000
715 392 77174.662500 82554.010000
716 428 39611.347500 56790.707500
717 390 7422.370000 85935.340000
718 405 80636.550000 41467.980000
719 230 7384.645000 34030.317500
720 451 49813.817500 87496.127500
721 324 80382.207500 57311.475000
722 513 14043.157500 52610.120000
723 338 92129.225000 20557.190000
724 367 52193.332500 59027.775000
725 345 55031.095000 61821.550000
726 392 60093.020000 68102.745000
727 238 77398.062500 81692.727500
728 332 49604.307500 66724.237500
729 548 89874.010000 31442.337500
730 304 8778.755000 32276.387500
731 439 14528.220000 91014.472500
732 372 68229.727500 8927.690000
733 359 27318.095000 83044.145000
734 357 35499.465000 61328.952500
735 449 41960.075000 6931.405000
736 310 19791.570000 83534.832500
737 400 51019.885000 83867.867500
738 403 55336.327500 54596.940000
739 370 18070.170000 40041.342500
740 400 86632.537500 42267.047500
741 404 79355.247500 69761.925000
742 383 67208.162500 96378.450000
743 389 37520.600000 69424.467500
744 464 38330.327500 85514.155000
745 529 83276.195000 63037.340000
746 359 44115.790000 72214.100000
747 341 83841.630000 57361.557500
748 391 47979.040000 83972.572500
749 279 22663.312500 85686.732500
750 347 10066.592500 3362.190000
751 390 25967.840000 54420.915000
752 357 6915.175000 60404.322500
753 238 60915.177500 60886.160000
754 421 92590.107500 46854.382500
755 417 69124.125000 25378.437500
756 541 47786.395000 69886.942500
757 253 97657.010000 163.365000
758 537 40845.197500 92041.097500
759 371 74693.710000 39712.707500
760 458 52617.837500 54092.575000
761 241 68928.192500 78437.605000
762 442 41974.117500 49333.192500
763 491 56701.135000 82873.665000
764 298 75815.722500 90471.880000
765 432 32273.262500 58853.662500
766 433 48788.292500 26992.130000
767 390 30930.255000 76020.007500
768 380 75374.832500 72374.115000
769 515 81587.320000 40395.915000
770 423 40812.702500 56034.887500
771 479 51276.255000 61367.797500
772 425 63684.185000 81503.980000
773 439 48750.705000 85377.265000
774 361 28778.402500 65398.127500
775 320 62131.552500 26477.852500
776 476 53202.040000 30126.020000
777 484 83885.080000 11627.372500
778 317 15665.937500 5008.027500
779 256 20977.050000 16126.355000
780 408 32286.900000 86086.967500
781 336 25908.262500 5522.175000
782 536 1133.927500 73531.130000
783 401 28427.645000 23760.242500
784 281 4082.902500 47796.490000
785 225 17324.555000 85760.375000
786 265 80612.547500 56220.895000
787 425 86923.957500 45835.897500
788 325 29591.187500 36541.520000
789 527 53278.575000 41211.110000
790 376 77152.142500 6879.060000
791 343 35193.607500 12889.300000
792 401 22387.217500 5802.765000
793 277 50547.182500 78477.122500
794 390 93221.530000 13257.047500
795 454 15485.537500 56639.947500
796 246 12654.010000 12132.360000
797 496 27727.557500 72571.830000
798 429 95199.612500 33410.715000
799 300 24447.325000 95465.022500;

end;
