data;

param numFacilities := 1000;
param numCustomers := 1500;

param : costs capacities facilityXs facilityYs :=
0 7318 5509 183628.817500 186764.877500
1 8788 5018 96643.990000 73941.777500
2 6958 4844 70609.210000 122097.355000
3 7317 6403 101714.212500 157489.267500
4 7463 4917 147991.860000 192363.467500
5 8215 5231 152235.627500 98236.552500
6 8472 5977 108932.117500 189761.657500
7 7800 5053 86098.345000 53020.597500
8 7549 4935 167796.815000 186870.485000
9 7634 6231 129285.960000 175863.960000
10 7023 4018 48268.782500 112464.352500
11 8054 4100 149705.342500 34290.725000
12 7146 4538 45100.137500 189333.267500
13 8536 4435 118684.485000 86705.977500
14 7765 6084 52659.310000 73737.467500
15 7479 5676 139775.225000 102107.115000
16 7696 5870 18819.572500 96817.515000
17 7487 4606 84404.907500 70482.945000
18 8400 4417 137597.997500 36818.455000
19 7547 4579 38717.290000 171454.907500
20 5936 4658 963.815000 171633.290000
21 7410 3094 197913.045000 179587.482500
22 6031 6462 195062.942500 6994.980000
23 6729 5364 101897.802500 130373.277500
24 6907 4630 27254.690000 16189.930000
25 7315 4677 100241.597500 13481.412500
26 7728 5285 168549.530000 172661.980000
27 8824 4506 75887.062500 86292.770000
28 8945 4918 104929.975000 165375.055000
29 8571 5143 105572.465000 46254.072500
30 7124 4929 143568.097500 113375.837500
31 6366 5228 194867.405000 3224.285000
32 7778 3702 110671.650000 97629.567500
33 7973 6508 923.670000 117176.925000
34 9215 4868 194944.185000 90171.127500
35 10204 4906 180830.452500 141366.077500
36 8431 5201 15813.655000 71231.965000
37 7440 3861 13757.027500 125490.867500
38 8612 6393 85246.212500 9390.795000
39 7222 4411 195896.545000 107990.612500
40 7693 4511 108684.970000 106191.627500
41 8298 5742 91858.640000 1156.080000
42 9161 4808 82896.800000 84900.060000
43 8251 4784 9802.382500 170400.707500
44 5671 5297 37677.775000 82547.535000
45 9627 4698 56161.727500 35795.022500
46 7523 5165 78402.447500 66305.497500
47 6566 4262 10971.627500 160958.545000
48 8305 4158 55280.130000 129042.870000
49 5911 4944 98870.392500 163016.437500
50 8921 5435 118936.015000 159854.052500
51 9589 4860 162610.815000 19542.582500
52 7866 5377 50843.375000 150872.250000
53 7863 4700 70484.770000 34061.582500
54 7976 4182 157531.162500 85971.865000
55 7220 4633 119002.930000 102033.480000
56 9171 4846 88375.732500 65705.417500
57 7921 3488 91207.285000 73159.677500
58 7393 4676 2067.672500 126939.350000
59 7855 5566 666.667500 38934.417500
60 8449 5769 39502.537500 102255.550000
61 8535 6615 55893.312500 105953.625000
62 8547 5556 82633.520000 25002.372500
63 7756 5566 189815.932500 44044.697500
64 6253 3955 60069.252500 152465.187500
65 8646 4969 179974.197500 178369.360000
66 7957 5688 185988.570000 87466.072500
67 8206 5844 54782.662500 140255.137500
68 7912 5493 149574.300000 153783.990000
69 6913 6518 119010.477500 57551.350000
70 8177 5174 121035.797500 165377.865000
71 8413 4885 87666.915000 145012.677500
72 6598 4491 93560.215000 70796.140000
73 8471 4238 67250.650000 65460.087500
74 7287 5882 86058.387500 71451.535000
75 7952 3761 184670.875000 124467.540000
76 8139 5421 168643.582500 131571.935000
77 7255 5476 157372.420000 23702.757500
78 8006 4447 116261.395000 81820.140000
79 8557 7153 100427.440000 103109.542500
80 7938 5811 88368.097500 75033.195000
81 7494 5902 46027.365000 46690.497500
82 7149 4455 90501.005000 114605.942500
83 7258 6472 124606.030000 154130.625000
84 8940 5784 90054.505000 187169.942500
85 8618 7209 128356.265000 144953.970000
86 7873 5007 70163.515000 5560.800000
87 7523 5863 23423.865000 141888.850000
88 7650 4876 525.502500 97528.475000
89 10537 5643 69200.940000 76105.112500
90 7191 6372 11222.102500 79780.532500
91 8537 4530 148953.205000 62970.035000
92 7544 4342 35917.990000 113858.452500
93 10016 6619 78681.170000 6967.065000
94 7712 5253 40918.312500 194840.560000
95 9592 4534 177298.510000 174117.880000
96 8522 4591 31246.907500 7272.817500
97 9318 5711 131525.015000 167724.487500
98 8025 5451 7067.482500 68220.505000
99 9173 3964 173874.120000 195436.687500
100 9504 4779 32283.155000 194260.867500
101 8421 4891 31323.337500 183055.242500
102 9116 4355 30382.232500 197241.265000
103 7693 5717 175488.737500 107061.955000
104 10034 5885 136502.832500 103853.262500
105 8742 5113 135013.192500 90248.387500
106 7458 4481 122773.982500 142710.100000
107 7898 6318 59079.857500 152490.542500
108 7533 4303 183212.920000 123417.782500
109 9236 5097 87210.762500 55488.422500
110 8603 5358 132956.432500 56412.552500
111 8840 5441 189454.102500 71536.432500
112 6568 4524 66691.757500 107138.730000
113 9130 4588 5492.190000 57631.290000
114 7772 6236 81031.242500 189843.440000
115 7908 5001 87964.135000 147569.280000
116 9375 4303 168965.405000 34769.602500
117 8173 5185 33095.730000 186315.887500
118 7433 5045 114271.195000 152706.102500
119 6879 4916 98167.810000 142035.712500
120 8279 6022 61430.202500 116715.262500
121 7748 5198 197550.687500 158447.795000
122 7331 5348 129900.105000 119888.922500
123 5829 4665 18539.952500 47105.862500
124 7449 5865 90209.532500 121657.847500
125 7129 3673 35505.317500 88882.635000
126 10678 5889 134262.835000 177128.717500
127 7798 6192 55040.417500 31331.075000
128 7601 5158 121933.810000 168804.777500
129 6359 5530 36951.165000 137723.545000
130 8370 4224 90375.367500 171954.667500
131 8325 4347 152250.190000 111966.047500
132 8244 5070 60035.417500 84756.832500
133 6790 5552 150120.727500 157937.785000
134 6695 6438 12772.637500 146259.075000
135 6714 4570 58788.207500 64667.840000
136 8720 5342 18890.017500 177650.235000
137 7776 4490 76589.462500 15040.057500
138 7973 4750 25238.710000 121844.837500
139 7685 6017 196292.690000 12099.795000
140 7974 4723 98859.065000 66531.242500
141 7616 3888 125357.035000 106893.417500
142 7134 5836 157286.760000 165823.975000
143 8851 5437 143078.655000 187711.450000
144 6603 4395 87980.305000 164881.635000
145 8126 5632 176752.062500 106048.052500
146 9269 4718 75291.932500 74202.787500
147 6939 5493 117646.407500 55731.865000
148 5935 4848 50775.355000 134947.475000
149 7046 5830 35007.445000 46849.655000
150 7466 4662 136767.565000 135918.017500
151 9296 5380 41029.125000 23948.222500
152 8290 4236 85235.195000 30018.020000
153 7081 4464 90336.722500 95930.050000
154 7760 3195 186902.875000 55714.682500
155 8756 5773 125203.187500 130863.140000
156 8829 5091 1801.522500 50516.970000
157 7745 3593 9374.035000 192912.495000
158 8794 5484 194796.287500 64031.005000
159 8511 5641 138880.935000 173252.437500
160 9381 6148 11808.242500 42117.227500
161 9409 4170 110334.082500 129646.610000
162 8553 4181 115526.260000 87371.720000
163 8936 4612 185941.910000 196659.457500
164 6937 5628 148608.372500 95866.210000
165 6458 3983 71434.007500 38138.217500
166 7421 5531 97006.212500 83025.692500
167 7400 4637 199195.607500 190246.577500
168 7423 5117 5681.972500 199003.377500
169 7512 3870 7752.745000 48348.495000
170 7339 4974 174826.845000 64793.142500
171 7649 3999 192342.570000 123010.617500
172 7738 5960 144380.142500 31568.630000
173 7798 5246 154884.437500 132092.825000
174 6808 5672 188678.657500 131464.647500
175 8809 5397 26193.460000 56689.837500
176 8762 6374 133608.942500 38659.310000
177 8450 5172 90305.267500 128069.102500
178 6931 4817 152966.432500 23687.147500
179 9705 4489 60564.052500 152668.620000
180 8428 4231 66046.635000 9112.795000
181 8003 4592 97354.530000 116955.352500
182 7852 3989 169842.825000 127486.782500
183 8338 4362 66084.932500 196136.622500
184 8849 6579 154949.595000 60669.067500
185 6898 4391 128935.490000 75496.115000
186 8288 5418 181716.697500 92376.052500
187 6992 4526 50318.115000 21055.107500
188 7774 4795 17605.085000 54677.145000
189 8404 5527 130846.442500 91411.045000
190 6991 5909 84148.950000 60536.740000
191 7343 5054 24855.345000 139465.372500
192 9353 3600 16710.487500 134025.567500
193 7774 5250 183928.892500 101125.167500
194 8707 6204 82010.525000 190218.985000
195 8985 5452 176069.717500 156269.077500
196 9132 4125 28561.297500 68866.075000
197 7455 5308 45567.295000 32164.860000
198 8281 4507 115276.397500 30709.202500
199 7592 6051 196069.217500 175828.322500
200 9897 5842 143789.140000 107431.850000
201 8206 4891 8185.235000 93531.785000
202 8238 4643 51156.672500 129184.177500
203 7647 5238 148346.862500 93733.330000
204 8250 5452 101218.430000 110562.190000
205 8175 4533 139054.250000 5137.960000
206 9387 5838 124857.405000 161842.967500
207 9415 4691 85776.792500 3336.837500
208 7991 5825 101305.032500 68056.835000
209 7392 5716 43878.080000 132206.605000
210 9099 4153 11778.860000 163094.915000
211 8675 4834 83374.267500 76198.705000
212 7413 3785 97785.522500 14963.887500
213 9001 6493 117866.425000 136153.380000
214 7865 3968 78523.175000 117876.637500
215 6785 3377 140058.587500 12776.235000
216 7959 5904 132202.685000 64540.565000
217 8119 6398 94720.105000 171194.227500
218 7205 4580 161191.850000 169393.275000
219 7906 4494 157150.012500 57204.085000
220 8607 5123 137044.497500 175352.607500
221 8817 4144 14002.980000 123898.365000
222 7879 4421 52626.102500 124343.087500
223 8928 5686 61567.922500 84209.955000
224 6612 5124 150719.740000 151280.957500
225 7877 4832 188231.950000 6400.295000
226 7892 3975 153089.437500 151084.697500
227 9011 6309 35081.817500 46730.227500
228 6808 6055 48438.392500 41582.832500
229 7972 4961 17673.035000 94196.875000
230 5955 4005 67006.312500 179708.002500
231 7565 4951 30852.237500 59301.317500
232 8913 3447 130940.555000 191640.972500
233 8435 6108 110077.217500 24640.325000
234 7411 4767 137296.387500 87371.262500
235 8317 5970 60405.685000 96555.092500
236 7636 5708 135964.287500 90583.157500
237 8847 4752 110059.752500 14731.065000
238 7515 5636 129088.205000 193091.020000
239 6688 4456 70372.855000 83588.685000
240 6944 3718 88796.770000 174483.610000
241 9237 4472 102430.702500 174330.877500
242 8988 4109 341.500000 13900.172500
243 7768 5394 149340.490000 67606.440000
244 8639 5044 142087.142500 73905.907500
245 7122 4980 95965.250000 193145.980000
246 6605 5085 58774.975000 144844.900000
247 6003 5186 40867.212500 13452.295000
248 8853 4383 100002.827500 148446.832500
249 7130 5481 19885.850000 140655.712500
250 9559 3797 106702.450000 59117.745000
251 5448 5731 59841.077500 29708.232500
252 8210 5140 123384.040000 50432.602500
253 7717 4546 109146.767500 179075.775000
254 8990 5273 197890.867500 176920.445000
255 9666 4468 30333.790000 99582.587500
256 8717 4498 195215.202500 66237.637500
257 7957 4801 188203.380000 152223.310000
258 7398 5489 128189.122500 127603.100000
259 10105 5391 111523.407500 40332.147500
260 7962 4456 105965.937500 138878.717500
261 7672 6122 121702.345000 14697.577500
262 5900 4505 97412.237500 87654.252500
263 8208 5234 84853.870000 12954.965000
264 6854 4677 82975.580000 92909.905000
265 5886 5488 127573.047500 82889.272500
266 6683 4048 145697.275000 111578.560000
267 8769 5176 109826.315000 121942.225000
268 6893 4747 142953.835000 180080.697500
269 6754 3419 31167.145000 67623.380000
270 9641 4834 859.332500 117367.122500
271 8694 3782 110475.847500 168098.625000
272 7806 5916 161045.357500 199216.795000
273 7871 4791 47340.337500 175980.237500
274 6815 5997 165498.627500 133796.240000
275 10054 4099 21725.765000 131946.145000
276 7685 4610 49193.852500 27221.100000
277 6777 4025 194980.365000 27520.307500
278 8304 4739 110087.345000 198856.735000
279 8716 5702 51583.247500 155795.967500
280 8804 4756 156144.057500 117446.030000
281 10083 4631 100463.927500 87241.727500
282 8471 4724 65095.942500 2767.545000
283 7447 4608 92280.595000 92807.790000
284 7980 4911 190767.912500 88363.285000
285 7005 4973 161495.085000 47347.597500
286 8190 6100 166920.680000 74141.892500
287 8381 4365 145296.307500 23407.432500
288 9118 4644 98801.317500 134764.847500
289 7130 5538 197986.537500 128994.457500
290 8922 4841 170572.017500 106781.435000
291 7776 4900 168718.767500 62001.155000
292 8630 4500 48059.132500 114995.895000
293 8819 5687 186455.425000 16768.130000
294 6965 4616 5918.455000 174325.192500
295 9985 5630 190269.470000 78005.340000
296 8307 5374 13974.417500 132647.047500
297 7385 4863 9216.770000 55284.872500
298 8423 4428 159365.612500 141454.385000
299 8168 3823 27107.037500 91299.887500
300 8074 3284 41483.432500 16878.207500
301 8395 4335 69092.707500 136168.145000
302 8754 4598 172361.990000 172430.515000
303 7209 4756 154696.130000 116132.892500
304 9623 4870 15841.157500 147315.630000
305 7637 5026 9101.260000 94720.770000
306 7884 5760 5043.447500 58848.440000
307 5912 3263 1716.450000 77728.900000
308 7817 4999 80672.852500 145498.782500
309 6814 5622 130687.890000 80489.765000
310 8021 4249 97419.645000 70314.460000
311 7470 4953 102703.732500 95744.647500
312 7680 5661 81937.817500 12817.557500
313 8390 4012 135877.692500 19464.590000
314 6852 4808 53975.362500 121812.917500
315 8710 5482 134146.842500 120553.155000
316 8011 4109 138620.475000 43387.140000
317 8288 6053 54056.132500 184645.987500
318 8472 5375 108257.582500 122823.750000
319 7255 4289 89525.677500 13315.805000
320 6916 4893 108327.120000 114560.907500
321 6609 4573 166125.627500 141832.975000
322 7661 5226 196080.160000 147948.017500
323 7351 4043 173327.095000 131450.335000
324 7254 4229 157788.255000 94796.600000
325 10268 5866 62172.715000 105531.932500
326 7774 4963 108364.160000 80936.220000
327 9923 6510 143192.240000 8754.767500
328 7439 4985 138082.422500 17668.480000
329 6955 6302 85567.820000 183045.522500
330 8297 5179 76094.517500 167332.980000
331 7982 5357 178968.130000 195030.397500
332 9295 2819 191361.197500 42255.845000
333 7270 6814 168991.640000 127116.680000
334 9176 4949 21517.537500 101322.435000
335 7288 3929 67990.905000 198347.890000
336 6617 3372 52610.285000 92825.435000
337 8065 5298 136320.835000 37369.792500
338 6263 5594 1985.315000 150143.927500
339 7372 6087 1693.825000 124668.105000
340 7514 5224 170476.422500 37254.192500
341 7889 4368 131887.105000 73527.432500
342 9743 5132 133155.075000 15087.235000
343 7300 5047 110068.110000 71119.417500
344 9348 3645 91527.310000 72384.575000
345 8332 3556 140272.350000 160490.465000
346 7516 4447 69305.155000 123006.257500
347 8565 3862 65058.020000 168813.412500
348 9563 5606 79386.845000 156782.162500
349 7741 4547 99276.270000 14140.187500
350 7075 4333 54094.015000 47830.335000
351 7832 6199 59055.095000 158012.870000
352 6752 5000 56048.972500 43448.977500
353 8292 5143 23178.925000 97493.100000
354 5944 4816 51622.995000 56158.010000
355 9347 7339 88610.755000 57192.085000
356 8556 4773 63952.510000 199753.237500
357 8968 4942 61366.255000 154971.065000
358 7149 6702 149902.635000 179839.340000
359 8307 6156 41286.460000 180885.482500
360 5895 5290 36672.717500 3909.602500
361 7863 4373 137940.322500 187705.300000
362 7683 5896 160842.435000 12384.587500
363 6260 6255 45024.790000 139949.000000
364 7607 4724 144587.495000 177684.855000
365 8446 4937 13934.222500 129173.147500
366 9059 5701 115044.095000 105642.127500
367 8781 5138 97275.447500 23191.620000
368 8616 5823 49270.102500 124451.370000
369 8079 4152 93962.177500 41752.622500
370 7960 4003 36002.355000 27396.025000
371 8639 4437 68572.007500 30460.000000
372 7589 6754 132681.762500 107540.575000
373 7643 5072 99762.370000 197033.630000
374 6355 4761 67662.915000 71064.380000
375 8421 4822 171405.415000 90435.680000
376 6980 5197 49871.730000 53779.322500
377 8030 4877 127790.095000 148144.670000
378 9574 6422 176112.517500 95114.727500
379 6789 4428 102549.485000 27988.880000
380 7161 4743 114191.387500 182725.757500
381 8218 4070 114691.697500 140887.517500
382 7853 4935 116879.097500 185286.812500
383 7318 4690 151611.922500 29849.942500
384 8024 4520 156047.077500 79061.377500
385 9853 3121 150462.635000 102724.077500
386 8068 5370 184051.637500 138227.732500
387 9308 4913 45066.865000 11513.565000
388 6757 4372 67673.255000 187496.962500
389 8017 4567 48931.485000 119326.847500
390 8227 3995 130020.080000 163129.030000
391 8204 5718 167689.330000 115866.810000
392 9588 4449 141940.585000 198122.495000
393 6252 4408 13244.632500 143249.450000
394 7486 6864 93227.480000 81727.442500
395 9272 5157 6654.222500 149158.932500
396 9524 5095 13608.602500 97151.552500
397 7852 4495 68879.815000 99969.862500
398 8195 5182 1487.022500 161133.910000
399 6917 4890 107506.880000 28550.557500
400 6655 5932 172541.892500 65296.757500
401 9211 4875 45287.572500 149145.425000
402 9809 5705 22935.925000 146604.975000
403 8634 5687 136238.442500 50975.665000
404 9526 4727 79741.230000 146759.165000
405 7017 5095 95881.805000 106942.597500
406 8689 5997 115022.285000 163108.132500
407 7812 4529 49978.090000 107867.590000
408 8768 4999 138349.360000 45706.040000
409 7472 4103 46975.212500 23643.442500
410 9071 3866 72122.567500 195708.567500
411 7533 5924 126300.282500 186849.797500
412 9003 5483 53719.300000 129729.080000
413 6157 6326 129105.615000 173397.137500
414 10776 3158 12452.110000 176477.420000
415 6654 5293 115806.360000 186395.265000
416 8800 6059 189697.710000 193685.347500
417 7893 3471 180229.112500 46295.225000
418 7589 5269 10898.372500 97518.427500
419 9572 4699 92998.782500 50350.095000
420 7077 4932 146933.690000 12269.940000
421 8023 6103 75173.525000 141575.600000
422 8310 4386 80909.775000 83288.450000
423 8994 4959 85599.052500 18756.905000
424 8060 4534 17147.300000 56243.637500
425 7850 3239 161783.872500 156429.370000
426 9684 4557 72734.937500 31233.787500
427 8879 5251 96046.785000 176965.435000
428 8245 4835 128922.640000 122124.182500
429 6923 5637 13510.457500 128210.067500
430 8585 4840 44174.520000 40149.022500
431 9320 5028 196414.642500 37592.787500
432 8200 5464 36505.770000 171362.832500
433 8004 3710 106136.295000 197374.437500
434 7829 5501 9633.142500 83448.932500
435 8755 5146 51605.167500 93031.580000
436 6792 6363 29187.950000 160029.207500
437 7287 4056 137716.690000 142776.657500
438 8704 3649 71266.625000 147156.737500
439 7411 3660 94394.335000 48343.392500
440 7032 6153 171038.482500 38565.047500
441 6999 6091 111972.977500 108521.027500
442 7701 4465 171416.750000 164370.020000
443 9179 3915 34038.850000 35730.485000
444 6583 4781 82802.782500 152033.535000
445 6540 6268 109169.382500 33144.447500
446 6235 5772 89357.412500 44567.477500
447 8061 4589 16595.687500 0.000000
448 7012 4454 171144.152500 126905.127500
449 5827 3435 159328.400000 118541.780000
450 8686 4520 44614.475000 11469.250000
451 9856 4848 195670.712500 80519.915000
452 6764 4499 151975.095000 166102.565000
453 7662 5430 34426.575000 59538.485000
454 7750 5923 147724.000000 65242.840000
455 7445 5230 194506.062500 130834.010000
456 8567 4307 127255.145000 117856.030000
457 9459 6154 30408.405000 181485.217500
458 8537 5713 44520.085000 185833.942500
459 7122 5983 76468.677500 64583.747500
460 8967 5724 24415.887500 177469.900000
461 9233 4305 130833.510000 4295.002500
462 7157 5387 140768.867500 198561.625000
463 7795 5194 145373.775000 73423.705000
464 7803 5029 22539.017500 116632.837500
465 8978 4742 7005.630000 176839.057500
466 7609 6618 144703.452500 108521.220000
467 7408 5301 61519.620000 179793.822500
468 7368 6435 93406.280000 104919.937500
469 8373 4732 3252.385000 44117.965000
470 7270 6008 135818.137500 162730.432500
471 8191 4287 169615.350000 84151.402500
472 7345 5554 12964.372500 121060.505000
473 7825 4751 71391.595000 109530.742500
474 6572 5000 4555.180000 173387.320000
475 9296 5952 57958.385000 63334.022500
476 8059 4532 197410.115000 174500.197500
477 6763 4185 116453.120000 143231.530000
478 11213 5783 143690.045000 12661.145000
479 7557 5288 2589.107500 159368.542500
480 10678 3990 48930.607500 101888.957500
481 6872 6122 185486.940000 124584.907500
482 7593 4805 973.150000 99791.602500
483 8656 4733 32762.932500 41541.185000
484 6825 3790 13355.590000 36067.082500
485 8582 4689 27876.075000 129153.817500
486 9165 5448 129950.035000 164866.437500
487 7695 5213 6793.482500 57156.447500
488 10209 5429 104518.242500 173361.152500
489 7602 4789 84140.505000 59697.317500
490 8210 4502 44228.200000 117813.070000
491 8446 3242 12941.177500 184302.190000
492 6696 4434 78073.705000 101075.030000
493 9518 5881 16943.332500 184158.827500
494 7801 5088 174408.265000 77648.955000
495 7300 5116 153808.720000 126506.472500
496 9371 5630 195598.917500 189811.092500
497 5639 5597 129269.692500 128820.370000
498 8738 4633 107823.890000 95869.077500
499 8967 5929 31004.925000 167200.717500
500 7393 3235 188237.340000 135670.680000
501 8802 5067 175559.930000 66902.842500
502 7027 4385 108165.937500 182178.537500
503 8341 4559 6135.417500 53114.862500
504 8954 4772 161853.152500 199942.732500
505 6169 4927 55725.340000 184305.665000
506 8425 5705 21778.142500 27879.870000
507 9927 4489 128553.092500 92830.810000
508 7497 4288 95334.657500 67724.392500
509 9760 4842 84910.187500 126888.780000
510 6962 3933 91227.447500 169525.820000
511 8119 5292 186170.895000 72949.057500
512 9132 5228 37200.270000 58157.077500
513 8785 4002 90961.927500 54824.005000
514 6794 6073 159656.755000 120181.567500
515 7516 4375 105395.640000 72934.305000
516 7192 4529 61572.612500 114259.570000
517 8198 4680 673.145000 89941.760000
518 9889 5475 194244.000000 139852.567500
519 8013 4099 154715.512500 39002.452500
520 8049 5281 195785.027500 144166.085000
521 10701 5298 169827.297500 97817.745000
522 7921 4067 49781.407500 32228.485000
523 8141 5861 21242.490000 75703.922500
524 8936 5935 191015.210000 50508.887500
525 8686 4386 38496.965000 156507.942500
526 8572 4182 57474.912500 148005.417500
527 8378 5871 134169.672500 67433.252500
528 9178 4388 169830.825000 130417.677500
529 9092 5948 21474.847500 73028.692500
530 9871 5597 182005.900000 116085.827500
531 8178 5107 75839.360000 143893.582500
532 6868 5403 76944.490000 111673.590000
533 9032 4652 170478.765000 99773.450000
534 6106 4936 166230.467500 145023.212500
535 7853 3735 87027.812500 130978.935000
536 8711 4889 199018.105000 14797.970000
537 7964 4203 46287.497500 36203.280000
538 6420 4157 153643.992500 19880.752500
539 8123 5846 78081.330000 81851.087500
540 9302 5879 92350.527500 123799.357500
541 7261 5705 28617.785000 123640.280000
542 9047 5522 164158.820000 54684.587500
543 8710 5262 83180.252500 44165.860000
544 8313 4218 51795.582500 51644.727500
545 10208 4258 122600.647500 99595.150000
546 9450 5872 36504.407500 77695.540000
547 9098 5406 93247.200000 165164.355000
548 7417 6064 96049.207500 187624.505000
549 8631 4888 170354.065000 132365.632500
550 9415 5724 67710.335000 9915.387500
551 6709 5770 19586.512500 81428.270000
552 7845 5518 182432.622500 104319.147500
553 7572 6541 68847.057500 50085.905000
554 8915 4004 144249.062500 101431.350000
555 6702 4548 148283.812500 161959.265000
556 6889 2957 42920.687500 63658.557500
557 9606 5666 107879.767500 111677.510000
558 7406 4921 54929.250000 92.170000
559 7399 5247 67764.835000 188300.520000
560 8237 4609 126610.782500 161682.992500
561 8315 4712 14179.370000 17978.262500
562 6217 3932 65039.520000 28498.545000
563 8657 5988 126581.205000 2028.497500
564 7829 5172 93478.930000 52638.992500
565 7654 4966 16746.090000 2118.107500
566 9905 4023 25849.767500 41663.775000
567 7510 5544 157508.737500 6446.015000
568 7798 5601 105899.585000 105145.377500
569 7990 5489 24517.182500 73737.582500
570 7292 4465 130650.775000 70927.282500
571 9033 3704 18924.217500 68284.095000
572 9352 4803 151785.010000 180615.330000
573 7552 4660 78074.112500 105770.430000
574 7967 6225 191352.362500 58533.845000
575 8326 4735 107762.540000 132347.115000
576 8410 5195 5097.587500 105521.227500
577 7809 4976 196243.215000 13202.667500
578 7433 4186 162011.472500 46318.682500
579 8537 5058 10400.650000 72404.735000
580 6488 2914 112817.812500 31903.972500
581 8538 6570 147608.035000 112297.675000
582 9268 5496 167884.080000 150798.137500
583 8224 5539 182780.685000 189490.055000
584 9328 5688 45771.230000 109756.580000
585 7977 5417 13391.070000 41366.035000
586 8615 5037 90897.370000 101103.067500
587 7002 3637 175377.582500 98937.377500
588 10203 5981 80639.495000 65388.435000
589 7220 4518 191810.020000 105664.845000
590 7257 5560 49844.317500 173368.452500
591 9659 5215 154084.487500 126931.360000
592 7561 3948 163603.152500 55833.277500
593 6885 4854 121464.382500 186835.325000
594 6388 5793 171005.187500 5458.632500
595 8303 6551 62846.737500 77734.862500
596 6906 6154 66577.017500 83434.122500
597 7319 4348 81082.102500 44532.055000
598 7766 4536 137330.277500 95269.390000
599 7200 4768 133353.472500 150110.187500
600 8560 3493 114624.795000 10568.355000
601 9020 4464 55310.837500 36427.057500
602 8653 5586 101340.847500 120536.622500
603 7336 4261 1387.032500 75231.992500
604 8627 5487 189417.382500 112154.635000
605 7521 4554 65535.530000 78401.470000
606 9363 5099 139461.275000 171474.752500
607 5439 5134 124875.877500 91668.057500
608 8352 2958 96595.640000 75720.817500
609 7225 5086 24338.075000 153276.875000
610 8681 4789 168371.065000 165632.235000
611 6975 5646 70996.430000 152291.605000
612 6279 4763 194950.627500 34109.287500
613 6913 5448 51729.415000 118440.127500
614 9347 3838 76078.595000 325.215000
615 8887 5131 76491.225000 55348.210000
616 5198 4789 68939.285000 16413.622500
617 8230 4563 166723.610000 193130.372500
618 8693 5387 154686.525000 36361.792500
619 7033 5525 149497.845000 160752.660000
620 8802 7252 154472.752500 177169.685000
621 7431 5863 119087.842500 27178.110000
622 7858 6068 38251.477500 109112.505000
623 8854 4317 156391.910000 124606.007500
624 7072 5446 62248.210000 170562.692500
625 8651 4968 124705.247500 50192.117500
626 5897 6907 81278.107500 52022.332500
627 8285 5262 102173.082500 63110.837500
628 7795 5535 126799.797500 9176.225000
629 9181 6769 75933.087500 50182.535000
630 7518 2881 78590.197500 143725.375000
631 8065 5389 163170.217500 104945.847500
632 7380 5619 170409.937500 186939.062500
633 6372 4236 69228.585000 45744.782500
634 8713 5034 178164.487500 140997.172500
635 6471 4704 155966.060000 42280.100000
636 7277 5229 84924.845000 39890.427500
637 7933 5242 70615.237500 68092.560000
638 8033 6175 22566.000000 96869.547500
639 8181 4456 133945.627500 127249.010000
640 7907 4257 173136.942500 185413.657500
641 7844 4766 24357.262500 110156.930000
642 8276 4212 69726.550000 7926.600000
643 8622 5203 125339.737500 177172.282500
644 8146 4193 138478.772500 119100.695000
645 6790 5053 9758.325000 90380.232500
646 6866 6160 21156.160000 167006.705000
647 8094 4147 13166.495000 409.897500
648 7115 5317 146205.830000 131042.515000
649 8431 4368 128330.962500 128546.082500
650 9090 4896 33405.972500 28616.687500
651 6783 3498 70006.957500 119626.192500
652 8983 4658 9637.740000 156571.542500
653 8996 5733 23603.675000 168247.625000
654 8432 5143 1526.005000 110748.645000
655 9152 3697 190463.225000 102796.867500
656 9661 2971 3856.077500 27345.557500
657 8966 5853 23326.240000 183793.957500
658 7115 6183 42772.475000 24126.800000
659 8290 3769 7823.597500 79625.742500
660 9325 5449 175266.707500 187435.535000
661 8155 4994 18772.322500 158586.782500
662 9113 4173 198237.727500 144601.970000
663 8016 5368 177454.255000 141546.160000
664 8434 4527 156327.287500 24721.740000
665 8608 5748 14813.780000 175740.075000
666 8587 5449 62301.980000 173590.095000
667 6407 6252 78693.577500 76181.655000
668 8556 3600 37733.677500 5036.952500
669 5401 5852 143619.432500 61850.022500
670 8319 4494 3995.652500 75995.475000
671 7573 4503 112954.985000 149298.215000
672 8833 4051 150562.777500 141349.147500
673 9686 4845 108748.222500 187264.077500
674 8795 5471 163806.125000 145551.852500
675 8816 4524 85815.777500 53800.932500
676 7868 5573 193707.687500 8354.430000
677 7850 5566 137536.125000 36564.225000
678 6295 5904 169773.977500 154205.925000
679 7610 6701 108643.695000 197028.352500
680 7853 4376 44293.307500 109579.577500
681 8083 5142 145063.242500 88830.562500
682 7897 4979 75602.750000 151980.152500
683 7627 5899 118280.120000 147912.372500
684 8954 5953 180023.737500 41544.412500
685 9760 3142 134153.635000 199527.550000
686 7457 4463 106325.022500 19491.037500
687 8255 4560 19626.867500 1024.015000
688 8893 4124 137036.197500 16515.112500
689 8320 4522 115119.485000 58231.010000
690 8392 5957 105725.575000 162987.357500
691 8398 5063 143061.560000 34032.737500
692 6897 4843 106313.867500 139745.297500
693 10632 4659 87584.007500 160213.120000
694 9470 5324 128466.147500 153835.412500
695 6584 5165 124814.860000 17542.360000
696 9001 6121 53688.047500 45324.707500
697 6215 4966 171748.547500 16746.180000
698 6723 6503 116957.440000 107020.625000
699 9096 5234 187103.782500 116516.982500
700 8835 5337 29216.160000 78253.605000
701 9015 4861 196996.400000 166429.012500
702 6940 4167 83172.435000 15604.932500
703 9001 4756 28560.152500 177526.907500
704 8721 4950 192138.420000 32297.367500
705 7657 6339 109703.070000 11159.635000
706 7918 3993 148337.067500 19726.235000
707 8258 4024 82983.907500 121762.872500
708 9254 4449 123900.490000 59433.817500
709 7883 4817 85365.015000 111231.347500
710 8829 4505 103244.322500 86785.195000
711 7542 5124 60591.025000 170064.900000
712 7995 5235 144511.832500 91607.970000
713 7911 3929 198294.815000 60989.890000
714 7457 4425 62651.215000 80372.350000
715 8371 6083 6764.690000 101547.365000
716 7861 4627 94429.942500 40474.372500
717 7715 5151 82995.007500 78652.205000
718 8970 4266 130631.970000 7630.920000
719 7069 3757 25194.960000 176917.772500
720 7125 6121 141404.685000 161305.597500
721 8720 4821 163284.257500 96672.590000
722 8747 3932 66235.682500 124603.245000
723 8126 3948 74607.095000 33149.142500
724 7692 4894 104708.637500 107323.750000
725 8686 4981 16255.422500 60050.707500
726 8816 5369 17882.657500 161887.947500
727 8153 4637 19396.315000 21637.770000
728 8646 5577 193054.580000 90028.125000
729 7321 5013 157566.162500 123068.415000
730 6844 4665 156271.232500 48037.085000
731 6591 5734 95342.960000 135577.240000
732 8486 5477 55408.490000 118864.470000
733 8140 3735 146520.417500 4995.932500
734 7038 4909 41408.707500 22513.920000
735 7538 4847 94906.490000 151519.332500
736 9111 5146 46468.072500 164945.637500
737 6976 5278 92246.170000 117969.840000
738 7317 4685 88281.582500 2801.150000
739 4234 3170 17964.245000 69696.342500
740 7922 4970 59553.465000 110294.932500
741 7182 4824 63934.275000 104782.920000
742 7482 3609 17662.397500 53448.595000
743 8640 5680 166796.847500 22882.775000
744 8305 4832 93775.687500 16649.015000
745 7209 5568 152985.875000 119074.470000
746 8788 6319 125048.572500 168031.595000
747 7973 6177 69349.792500 138161.407500
748 7580 5011 170390.720000 56782.740000
749 7633 4574 153137.990000 61555.910000
750 7491 4433 124686.887500 32862.692500
751 7973 5460 39421.782500 184721.382500
752 8859 6039 49216.822500 150354.252500
753 7590 5312 32843.922500 191212.942500
754 9031 5647 189196.002500 197614.705000
755 8834 4164 165662.560000 132908.197500
756 9670 5428 32019.217500 160762.210000
757 8417 4835 117233.767500 132211.865000
758 8256 4790 146166.617500 6519.892500
759 9707 5914 191627.740000 126122.632500
760 7519 4266 6615.080000 47535.315000
761 8369 5020 84651.910000 19505.937500
762 7210 4349 45270.555000 150881.717500
763 7676 5351 148562.307500 7410.667500
764 9489 3796 82963.872500 81111.862500
765 7691 4417 155455.765000 66253.942500
766 6811 5837 125682.670000 116435.917500
767 7013 5979 93304.117500 112491.725000
768 8892 3896 178514.017500 195293.197500
769 7638 5376 19576.637500 148976.857500
770 5775 4915 146964.025000 150646.752500
771 8225 5423 3140.075000 55297.582500
772 9203 5774 116505.890000 2087.260000
773 8056 4177 25308.105000 40386.182500
774 7672 4197 112452.482500 11826.522500
775 7995 5599 110336.277500 14809.140000
776 6488 4605 7923.075000 191517.947500
777 10175 4856 23282.627500 187946.460000
778 9833 5093 127752.177500 172654.130000
779 6906 7114 36530.705000 146458.820000
780 5845 6445 3941.187500 182568.760000
781 6351 5250 6147.942500 153296.747500
782 8973 3601 135402.215000 165715.432500
783 6693 5173 109158.617500 116528.160000
784 8779 6530 176248.812500 174128.317500
785 8806 4934 105113.595000 161630.305000
786 9060 4370 23281.812500 70727.972500
787 8473 5834 132128.152500 105600.222500
788 8162 4836 54901.805000 108572.842500
789 7865 4857 73530.402500 14457.752500
790 7829 5502 10982.147500 78197.407500
791 8122 5705 190185.495000 23154.102500
792 7511 4499 24867.830000 24598.512500
793 9472 4369 18030.065000 176715.992500
794 7512 5165 165264.605000 191299.677500
795 7918 2445 15177.185000 187886.585000
796 8853 5922 191563.745000 155331.027500
797 7186 4427 74173.642500 140605.202500
798 8299 5168 33655.602500 156762.082500
799 8289 6017 23241.397500 98333.407500
800 7630 5782 2420.450000 30093.367500
801 8603 4527 123950.835000 178164.085000
802 6459 6056 58276.520000 68385.285000
803 7072 5215 136303.755000 167206.832500
804 7633 5201 58023.045000 139931.795000
805 8500 6248 180108.785000 39514.295000
806 8094 3842 19805.777500 83393.222500
807 6498 3650 69127.677500 34547.317500
808 8880 5309 133802.350000 72086.930000
809 7104 5368 190494.427500 120087.177500
810 9585 5122 150445.155000 15649.117500
811 7818 7084 20755.785000 65961.762500
812 7952 5496 158343.625000 139302.667500
813 7932 4576 92329.985000 195154.112500
814 7621 6057 78617.072500 14762.545000
815 8424 5840 117473.660000 93811.270000
816 7479 6092 118597.010000 121266.112500
817 7876 4877 77882.560000 165554.915000
818 8358 5167 15339.310000 119684.370000
819 6946 4260 2742.077500 76087.295000
820 8398 4620 103916.685000 104994.962500
821 8913 5136 164885.447500 31714.690000
822 8108 5369 62698.607500 167317.732500
823 9646 5716 163608.862500 66909.585000
824 8769 4677 145540.952500 193568.960000
825 9130 5699 106242.912500 35913.897500
826 9266 3721 79518.747500 7112.287500
827 6482 5254 156691.710000 165774.232500
828 9091 3613 180631.147500 63059.280000
829 6766 5506 164173.250000 51215.192500
830 6240 4723 113935.705000 64900.660000
831 8414 5014 62639.525000 117490.542500
832 7366 6580 99498.732500 41697.387500
833 8560 4626 135865.965000 43419.600000
834 8977 5548 101831.342500 15342.987500
835 7966 5217 166000.405000 46704.332500
836 7329 5893 167175.050000 197876.022500
837 7929 3830 145938.515000 143382.660000
838 8131 3437 84940.642500 124083.852500
839 8897 6351 93473.247500 119985.622500
840 7536 5718 103668.715000 197940.362500
841 7276 4720 119646.477500 58470.787500
842 9933 5724 10660.780000 105528.872500
843 10925 4609 39497.077500 3484.635000
844 8301 4984 51133.392500 84615.707500
845 7446 6152 124133.477500 192182.167500
846 9988 4079 117595.740000 17766.107500
847 7887 5522 176817.192500 38042.027500
848 7216 5512 57573.617500 182167.877500
849 8226 6302 99695.172500 160620.017500
850 6934 4797 63096.780000 15076.060000
851 8996 5152 111455.772500 31377.820000
852 9224 4601 109495.215000 125709.815000
853 9047 4723 139781.262500 72624.920000
854 7355 4962 46466.197500 129755.265000
855 6339 4809 9629.957500 146093.155000
856 6314 6211 117241.882500 93967.897500
857 7572 5149 79853.567500 103915.810000
858 8035 4670 38337.177500 72305.707500
859 6915 5718 23476.167500 164178.770000
860 9174 3057 162615.440000 96389.785000
861 8596 4972 141296.947500 152325.915000
862 7224 4753 198717.257500 165776.887500
863 6936 4297 61799.782500 91435.445000
864 7578 4114 83892.987500 53209.420000
865 7900 5721 87513.302500 613.807500
866 7327 4956 142654.777500 94882.182500
867 6791 4972 157252.302500 197149.402500
868 8206 4067 156348.265000 97328.017500
869 7928 6000 67948.655000 157109.352500
870 7089 4623 190862.277500 124233.732500
871 7939 4230 146640.187500 195923.140000
872 8174 5486 164373.452500 141365.325000
873 7268 6692 24818.060000 190107.607500
874 9537 5385 155250.337500 47348.637500
875 7523 5744 106963.020000 47666.517500
876 5591 5687 27526.610000 89101.195000
877 9615 5718 35443.620000 83967.232500
878 7410 4770 150067.497500 99654.520000
879 7602 4723 35733.495000 175781.595000
880 7557 5860 174552.837500 129185.772500
881 6627 4005 68344.557500 50184.850000
882 8242 5216 82394.497500 114536.277500
883 7791 5482 188766.277500 45521.955000
884 9379 4742 71126.435000 23260.555000
885 7687 6244 81351.967500 127651.677500
886 9686 5560 194478.120000 170627.090000
887 6945 5375 7927.142500 36449.215000
888 8917 4474 121348.662500 148963.565000
889 8272 4059 3755.315000 18546.055000
890 8510 5085 4983.180000 57535.340000
891 7549 5301 109798.835000 89915.517500
892 8840 4873 154986.902500 42268.777500
893 8421 5819 172201.855000 19616.845000
894 10102 5678 84094.540000 79107.005000
895 9005 4408 183990.450000 192520.280000
896 7061 5901 104211.490000 4212.700000
897 10204 3473 193036.052500 141908.865000
898 7108 4960 27594.102500 31928.105000
899 8641 5114 124139.732500 59823.202500
900 7376 4614 159492.887500 46801.185000
901 6793 4025 14553.405000 52984.695000
902 9341 5599 2595.882500 190725.102500
903 8497 6650 177233.860000 34713.185000
904 7619 4834 64519.757500 9178.217500
905 6452 5049 87386.370000 72626.875000
906 8606 4063 31122.025000 97043.652500
907 8517 6066 186351.810000 188972.730000
908 7150 4977 104996.555000 95735.295000
909 9805 4225 87829.692500 60843.467500
910 9140 6053 26334.545000 131018.022500
911 9286 5519 75595.767500 10388.295000
912 8801 4777 185378.025000 69072.037500
913 7435 3964 147028.990000 108298.730000
914 7989 4330 87374.747500 88657.345000
915 7665 5687 30703.950000 174388.940000
916 8582 3846 101192.785000 24207.587500
917 8964 4450 51167.002500 85432.205000
918 7945 4259 106221.730000 113104.525000
919 7609 4262 41571.537500 41336.927500
920 7468 5582 171936.735000 181722.202500
921 8754 5134 175741.510000 170203.950000
922 7042 4813 193601.950000 22128.340000
923 7209 5995 134957.990000 198918.795000
924 8404 5513 153841.732500 25561.582500
925 9581 3971 151286.332500 58207.065000
926 8299 4843 118610.752500 129753.330000
927 7995 4407 145047.647500 178313.442500
928 8682 6155 58181.522500 117877.630000
929 7078 4300 182931.490000 87017.090000
930 8753 4846 21674.515000 97009.917500
931 7901 4145 146344.972500 7012.052500
932 7738 4454 56225.282500 149653.600000
933 7679 3760 145561.965000 123104.007500
934 8237 5265 199757.817500 63012.120000
935 6297 5311 184681.460000 125058.082500
936 7477 5844 69070.912500 191779.200000
937 11124 5298 55956.692500 12782.835000
938 7666 6497 103239.120000 59734.240000
939 7802 5056 91809.652500 101387.512500
940 9040 5238 61526.512500 73412.322500
941 7795 4421 182411.895000 62396.192500
942 7635 5029 157085.242500 102256.772500
943 7502 4917 194136.292500 197799.362500
944 8332 5479 86014.302500 57762.072500
945 7572 5951 18885.755000 143407.822500
946 7960 5971 92121.647500 164061.502500
947 8693 4708 171157.995000 92028.095000
948 7631 5374 166415.465000 148325.067500
949 7732 4516 132235.407500 85553.822500
950 7446 5239 126850.230000 114816.810000
951 9093 6308 157412.582500 169269.527500
952 6371 3964 83154.295000 48181.130000
953 9458 5422 177187.277500 116523.572500
954 8405 5480 36383.772500 87557.030000
955 8890 5648 160456.837500 30712.682500
956 7934 5501 6030.135000 568.357500
957 9745 4788 179607.580000 91265.815000
958 8418 4948 18108.175000 57299.027500
959 8412 5074 9932.737500 21165.015000
960 8363 5046 43531.367500 166489.290000
961 7411 5684 56620.900000 11680.647500
962 7952 4226 157021.300000 182287.942500
963 6610 5133 157753.140000 145534.112500
964 9496 4282 93458.487500 47166.667500
965 6599 5719 96624.612500 121708.450000
966 6714 3366 14604.202500 62631.190000
967 7291 5596 30548.190000 108176.067500
968 7340 6304 24938.120000 94224.592500
969 8013 4503 10149.302500 15694.805000
970 7633 6577 120206.987500 194686.555000
971 10316 4581 73637.825000 171918.185000
972 9550 4481 31003.680000 48694.522500
973 7690 5630 97174.507500 144561.650000
974 6955 5050 159919.710000 3773.015000
975 9525 3616 74423.265000 146525.042500
976 8816 4161 192365.952500 151192.037500
977 6514 6564 14346.047500 8057.445000
978 7511 4924 45238.555000 11340.992500
979 8861 5084 107919.690000 36263.740000
980 7018 5129 30058.672500 138592.240000
981 7391 4989 55114.622500 118414.690000
982 9486 4841 55785.820000 148054.182500
983 7851 4413 20472.400000 76117.340000
984 6868 4734 87191.545000 87860.507500
985 7879 4448 138524.892500 77277.247500
986 8016 4775 114706.845000 58879.572500
987 7636 4798 440.655000 8460.580000
988 8577 5775 12734.387500 92092.420000
989 7464 5959 86026.877500 7432.495000
990 8615 5589 178617.007500 52144.415000
991 7259 4353 7446.915000 9782.320000
992 8048 4701 176102.220000 56865.080000
993 10252 4243 93788.477500 102906.855000
994 7961 4760 15077.652500 92819.415000
995 8317 5336 5277.680000 131258.700000
996 8496 5520 37846.942500 46090.545000
997 7323 4720 129305.632500 122844.262500
998 6528 5111 195677.397500 63565.470000
999 8203 4568 30674.330000 21954.302500;

param : demands customerXs customerYs :=
0 1200 197081.655000 139681.635000
1 969 131337.325000 53650.862500
2 1039 161708.662500 139784.840000
3 840 127871.607500 125427.907500
4 1214 27573.417500 8587.050000
5 962 115188.810000 130505.075000
6 1134 16087.230000 142317.067500
7 1023 178026.967500 10744.570000
8 828 169394.330000 23410.172500
9 959 31203.230000 128805.835000
10 1181 128104.675000 170017.050000
11 1177 102494.312500 48374.955000
12 1196 7896.692500 47486.420000
13 1496 19228.767500 54609.047500
14 1252 125285.860000 185165.967500
15 1621 146529.265000 32537.600000
16 1176 198192.687500 91223.655000
17 1029 175658.717500 79027.292500
18 1243 140953.525000 60956.202500
19 795 72442.720000 188100.725000
20 847 184641.770000 39715.095000
21 809 153619.505000 197171.265000
22 1283 65098.532500 101233.732500
23 1282 104308.542500 185379.672500
24 1204 84692.362500 128525.080000
25 1372 93855.507500 1913.950000
26 800 159039.857500 51769.577500
27 980 52180.710000 71004.060000
28 1214 85487.847500 151547.550000
29 1267 75798.222500 15150.767500
30 1105 22659.522500 38104.280000
31 929 17253.162500 107608.110000
32 1070 184924.800000 151318.487500
33 1383 69825.195000 102395.412500
34 1263 194332.590000 150968.417500
35 1549 35884.197500 199741.917500
36 1324 47266.845000 77957.310000
37 1202 184999.002500 108933.790000
38 1047 154514.077500 21312.170000
39 1047 188019.680000 115383.267500
40 1217 63947.557500 79407.717500
41 1445 167184.425000 158199.157500
42 780 169517.362500 96024.917500
43 1263 139711.987500 100650.060000
44 964 81370.722500 134336.772500
45 863 169733.122500 153463.217500
46 1235 80502.470000 165675.242500
47 976 80798.380000 181440.470000
48 1058 48350.157500 96029.812500
49 1113 102667.875000 108780.945000
50 1133 165427.937500 33373.242500
51 1524 5266.157500 43681.282500
52 833 190105.562500 81263.457500
53 1279 178352.582500 2.365000
54 1257 160623.025000 45848.220000
55 1271 30950.660000 185844.237500
56 1166 168725.997500 121052.770000
57 1367 136502.185000 15517.177500
58 850 21168.192500 96962.750000
59 808 32353.427500 20706.510000
60 1354 2972.402500 153870.847500
61 993 51944.662500 105447.200000
62 1042 160508.940000 60294.777500
63 852 69962.962500 21074.645000
64 1119 133683.757500 152303.470000
65 1012 188877.037500 181639.612500
66 1287 65056.887500 84171.522500
67 845 113452.800000 36141.540000
68 1123 56741.242500 11042.377500
69 911 186285.365000 70181.875000
70 1424 58145.535000 132856.642500
71 1018 2126.682500 65498.297500
72 1169 24630.917500 193297.912500
73 744 54480.907500 188331.810000
74 673 37831.662500 30645.837500
75 906 182775.152500 99906.295000
76 1124 195570.122500 37031.612500
77 1004 40575.967500 136448.435000
78 688 171738.010000 79980.487500
79 761 22702.105000 142668.352500
80 1347 33694.997500 27209.220000
81 1581 50050.640000 106059.290000
82 1774 169506.437500 97537.932500
83 1080 96637.325000 180257.570000
84 1239 123524.965000 141597.912500
85 741 177824.470000 71860.037500
86 1032 10407.767500 25570.115000
87 1160 52394.707500 19625.250000
88 1429 125996.480000 90321.150000
89 947 21152.875000 14307.775000
90 995 131954.855000 87793.095000
91 1198 25473.277500 170763.130000
92 959 19164.885000 58183.752500
93 935 86541.152500 49666.802500
94 909 8650.925000 18842.207500
95 1217 122693.932500 116592.312500
96 1248 42782.882500 31338.822500
97 1283 18989.047500 132663.780000
98 1265 155192.832500 180611.397500
99 1334 174721.852500 6911.012500
100 1056 135673.887500 49060.657500
101 1343 2120.097500 121130.730000
102 1054 42883.802500 49236.562500
103 1114 67198.097500 66144.895000
104 918 181942.765000 86488.157500
105 1503 56358.042500 9604.950000
106 792 161844.010000 178934.125000
107 912 129472.927500 51196.900000
108 1326 168093.012500 145970.105000
109 933 144143.502500 143149.942500
110 1148 96722.680000 151247.782500
111 1290 69971.562500 91836.322500
112 1032 70068.570000 173463.117500
113 1318 166412.377500 162956.805000
114 1046 116453.230000 76684.515000
115 1126 29628.422500 170117.747500
116 1424 2373.255000 58610.615000
117 548 79076.447500 17803.597500
118 1402 97460.880000 30735.662500
119 878 33604.887500 124610.032500
120 1235 54166.932500 26793.620000
121 1153 78303.692500 123150.980000
122 1492 189131.210000 145667.847500
123 1067 194805.297500 191768.320000
124 922 184306.580000 72996.510000
125 1115 113478.052500 187329.815000
126 1225 130413.600000 169679.967500
127 1414 37013.272500 86258.267500
128 1033 126366.297500 95179.785000
129 1361 108769.670000 62284.160000
130 1408 129701.710000 128990.282500
131 1379 15723.392500 167989.575000
132 1168 167140.065000 197129.385000
133 1718 61302.560000 165076.515000
134 1141 3003.160000 160852.335000
135 1210 833.280000 93068.385000
136 854 907.142500 258.452500
137 954 5070.945000 158145.822500
138 1219 141046.530000 164057.942500
139 1337 59423.590000 94045.195000
140 1236 194971.752500 149792.645000
141 908 112691.007500 196670.980000
142 1048 135133.760000 184601.445000
143 1068 54859.187500 150479.785000
144 1286 171613.150000 23433.745000
145 1159 362.122500 182899.567500
146 1409 71227.512500 128377.225000
147 1563 18382.807500 87310.215000
148 1304 73560.637500 157096.810000
149 1127 16061.635000 46342.287500
150 1164 119509.722500 99233.180000
151 1014 21491.395000 156670.747500
152 1036 18261.637500 51877.420000
153 1106 5682.920000 165214.117500
154 1423 108534.292500 10170.330000
155 949 157884.927500 92234.320000
156 1188 28955.685000 185253.355000
157 1492 45204.562500 7142.397500
158 1064 56227.325000 135915.137500
159 976 77879.342500 186006.752500
160 1458 49394.285000 83409.597500
161 927 39528.020000 8259.910000
162 926 35493.715000 68893.340000
163 856 137639.785000 142544.387500
164 925 30753.972500 180114.725000
165 1137 14071.872500 112224.552500
166 1172 156101.807500 21943.117500
167 1477 97305.432500 67739.002500
168 764 146419.492500 56016.277500
169 914 81930.900000 126051.665000
170 1324 171403.580000 74722.610000
171 899 73809.425000 186144.417500
172 1538 159214.540000 6195.397500
173 1530 61993.762500 36596.867500
174 792 86398.450000 35909.720000
175 1116 191448.022500 174535.895000
176 1107 119642.860000 134817.342500
177 1566 31516.320000 39868.982500
178 1167 80742.562500 57738.385000
179 1468 193334.605000 187770.052500
180 1452 100352.390000 140484.812500
181 790 20969.392500 129764.267500
182 1309 90763.495000 137814.827500
183 805 197364.512500 157086.790000
184 1512 148774.950000 6852.790000
185 976 68312.920000 94737.345000
186 1030 187893.547500 119123.705000
187 1185 27097.205000 109983.290000
188 898 65495.480000 119817.532500
189 1079 164788.882500 33964.950000
190 1232 101997.300000 42474.037500
191 1088 44782.345000 170081.010000
192 912 25945.120000 51962.580000
193 1522 192708.300000 11936.427500
194 1259 86714.212500 5376.045000
195 1137 169210.307500 171853.850000
196 997 42355.890000 17727.915000
197 1048 56527.395000 465.077500
198 1141 32613.025000 22911.150000
199 1292 156100.835000 144332.992500
200 1448 50736.010000 44225.712500
201 1442 50204.182500 20136.795000
202 1131 1589.357500 68559.370000
203 708 52247.630000 48902.732500
204 582 191381.660000 153001.520000
205 928 104500.967500 86095.685000
206 1045 48242.030000 62806.845000
207 868 126649.427500 121571.895000
208 998 95532.142500 29020.230000
209 1112 175714.165000 124267.127500
210 1188 78883.745000 171519.077500
211 1377 1458.092500 178251.660000
212 1174 133051.712500 35331.867500
213 1145 122600.920000 40422.857500
214 1121 108884.477500 53296.925000
215 1115 142602.520000 14564.245000
216 1064 77900.992500 180424.970000
217 625 80275.807500 120168.900000
218 850 190473.170000 131858.367500
219 1145 1929.575000 2648.550000
220 1082 162344.245000 114578.277500
221 1052 184619.292500 40152.712500
222 1061 99850.725000 109132.985000
223 1187 151800.475000 46927.355000
224 1141 4692.085000 74822.972500
225 1371 15091.872500 194719.877500
226 1118 133603.317500 63303.400000
227 893 142687.080000 75632.202500
228 861 132441.097500 169362.352500
229 958 155321.247500 85670.332500
230 1550 163096.092500 186922.750000
231 1053 74947.687500 149476.510000
232 1139 59071.897500 104408.157500
233 1324 174912.997500 110994.457500
234 1195 63730.067500 168735.457500
235 1305 125297.402500 156371.457500
236 1189 138320.310000 82308.490000
237 1485 39636.902500 117451.835000
238 1150 67577.700000 55755.060000
239 1028 41773.602500 196708.107500
240 879 197009.032500 147323.567500
241 1185 14331.782500 157566.400000
242 1189 61687.175000 74840.697500
243 744 92993.547500 147455.197500
244 763 459.965000 61416.130000
245 1291 87614.497500 85069.297500
246 764 89712.950000 152430.630000
247 1029 154931.620000 17805.507500
248 1435 136135.047500 144881.200000
249 929 55714.947500 79396.187500
250 1140 199344.365000 53493.400000
251 913 27534.235000 26166.260000
252 1348 46541.100000 177981.915000
253 1108 154996.072500 165224.847500
254 1166 78652.960000 93459.065000
255 1227 147543.015000 170785.032500
256 935 116067.302500 40695.935000
257 1384 55352.012500 179780.497500
258 1430 139487.395000 14962.807500
259 998 21336.460000 178807.525000
260 1278 115154.715000 105607.122500
261 1035 55670.790000 107422.557500
262 972 179743.210000 38843.162500
263 1083 118808.272500 70174.957500
264 1161 170788.437500 92497.772500
265 1156 139065.700000 90718.810000
266 903 55620.065000 180307.115000
267 1085 92319.187500 80833.832500
268 714 199518.770000 130242.312500
269 1032 114311.847500 135790.472500
270 625 93013.822500 150820.685000
271 1302 85493.830000 172294.767500
272 1247 172681.972500 62014.675000
273 1236 194217.607500 180979.885000
274 1056 10525.137500 8918.487500
275 799 114852.175000 2198.985000
276 1258 69231.347500 27183.005000
277 1503 112102.325000 3287.830000
278 1337 29282.032500 189456.267500
279 1173 168305.007500 8025.742500
280 1290 188502.390000 57852.720000
281 925 161286.455000 195587.285000
282 1800 10540.410000 139899.202500
283 912 88678.382500 120118.820000
284 1238 70149.482500 180687.600000
285 820 104721.422500 181468.590000
286 1178 37827.205000 102270.675000
287 943 60810.245000 150167.197500
288 1271 192326.127500 5516.707500
289 1242 145679.845000 175628.525000
290 1100 85680.642500 83586.502500
291 1221 22692.732500 53601.217500
292 632 189921.100000 118561.540000
293 1056 40586.302500 172474.992500
294 1344 63866.657500 147566.625000
295 653 152638.945000 63998.497500
296 763 167323.905000 64431.797500
297 671 22343.415000 113552.250000
298 1158 107753.555000 24747.505000
299 1165 167521.022500 161877.097500
300 931 54593.320000 156197.382500
301 1467 160719.002500 84020.000000
302 1449 156678.512500 7392.877500
303 931 122706.385000 173135.120000
304 979 185816.085000 196324.792500
305 1119 180394.845000 65166.060000
306 987 74007.907500 62455.607500
307 1133 113883.252500 132820.182500
308 1423 51815.057500 86875.567500
309 1629 111841.762500 83718.690000
310 874 159847.085000 122006.075000
311 1279 142531.125000 23115.185000
312 1494 49080.222500 124460.770000
313 1013 193020.695000 77190.510000
314 1354 172667.582500 79844.937500
315 1039 97810.302500 56733.390000
316 1071 29138.437500 47491.577500
317 927 116867.622500 79348.342500
318 1052 42332.740000 75085.055000
319 888 91024.445000 157361.172500
320 1071 163965.842500 126917.690000
321 1051 165692.645000 34744.285000
322 809 186324.257500 23349.647500
323 1399 91910.015000 39664.520000
324 1481 185538.457500 27997.930000
325 1322 58671.905000 20410.877500
326 1307 62441.635000 88838.377500
327 1161 23354.747500 70529.445000
328 1170 146345.502500 94194.475000
329 1254 173352.417500 2660.862500
330 1113 34210.732500 12264.102500
331 1441 146871.345000 106253.492500
332 739 102968.160000 30698.945000
333 1378 25771.565000 149149.417500
334 1299 138314.132500 146945.882500
335 1779 134787.470000 186235.320000
336 1383 119481.645000 122480.160000
337 1108 19713.610000 134988.002500
338 755 66213.690000 142268.380000
339 1238 56806.140000 93620.110000
340 1055 49331.460000 49002.222500
341 1208 17330.930000 409.200000
342 1017 113536.387500 173247.292500
343 1079 178792.012500 71520.157500
344 760 66477.827500 135041.670000
345 944 99527.862500 143981.107500
346 1235 117919.087500 198130.840000
347 1226 69010.272500 44582.207500
348 1039 86835.402500 132700.242500
349 1124 89159.952500 63855.185000
350 1042 88202.765000 100672.365000
351 979 103210.737500 62959.200000
352 991 95945.650000 42722.962500
353 1187 96762.777500 49287.935000
354 997 106381.525000 126348.562500
355 1304 10363.665000 43682.592500
356 818 119544.145000 9600.367500
357 842 189609.877500 56288.455000
358 1267 73132.502500 34946.660000
359 1125 112331.120000 11239.965000
360 914 5641.512500 154136.120000
361 701 122525.070000 82910.045000
362 1377 118127.882500 97095.910000
363 1361 131553.200000 20712.257500
364 1189 107971.487500 45910.235000
365 999 192473.900000 121579.205000
366 1057 102817.882500 127046.097500
367 1410 1416.365000 154570.692500
368 1099 53293.935000 63711.017500
369 703 129707.345000 129965.957500
370 1143 183176.842500 169766.040000
371 1081 106884.875000 125816.927500
372 1375 6995.672500 184158.125000
373 913 60823.107500 107600.520000
374 1258 86445.140000 166349.237500
375 1092 7586.110000 191128.822500
376 1176 54840.560000 145593.580000
377 1128 62182.162500 70008.395000
378 1523 93142.200000 67109.152500
379 1229 136230.492500 103379.517500
380 1288 9896.577500 161112.680000
381 1201 35745.612500 74639.437500
382 1186 91277.560000 2133.842500
383 886 111449.557500 93585.595000
384 1002 118759.745000 110627.925000
385 1112 138383.357500 42364.872500
386 1246 9112.720000 164936.570000
387 940 28355.887500 121655.832500
388 978 104386.202500 134021.257500
389 1076 149177.580000 37737.040000
390 985 146243.380000 9057.790000
391 868 878.182500 127347.372500
392 1278 10173.130000 16545.895000
393 1238 18533.495000 24890.955000
394 1154 188242.202500 167884.327500
395 1321 33952.025000 59558.712500
396 1512 185377.667500 188836.417500
397 709 6045.205000 57244.522500
398 1291 166093.962500 185583.602500
399 1057 154784.350000 148735.552500
400 836 52279.237500 159538.605000
401 1274 22825.092500 171572.322500
402 1045 93311.482500 186226.830000
403 978 194615.822500 34465.032500
404 1049 106117.975000 100789.600000
405 1527 89167.575000 64617.970000
406 1245 110766.545000 22783.075000
407 935 43055.460000 37814.495000
408 994 13527.462500 11988.900000
409 1088 95065.030000 12839.530000
410 1136 47010.125000 157372.277500
411 944 128206.160000 74405.637500
412 1301 161584.082500 170617.207500
413 1345 137934.882500 152851.340000
414 1078 167395.325000 35408.892500
415 644 147931.947500 119830.442500
416 697 181019.490000 19272.737500
417 1110 53750.750000 51861.182500
418 1023 28474.127500 111398.745000
419 1062 141920.960000 13107.325000
420 985 55840.070000 176942.835000
421 1047 49819.210000 71572.875000
422 464 59758.630000 183524.852500
423 1292 70374.217500 191200.910000
424 1210 57668.717500 155472.200000
425 1088 75457.967500 51771.837500
426 1120 11271.130000 164212.597500
427 1242 86322.020000 64011.017500
428 1237 116563.977500 184278.887500
429 1056 84020.760000 146546.612500
430 952 124109.732500 112956.635000
431 1196 92621.547500 141079.062500
432 1541 64980.667500 65897.162500
433 1079 47611.287500 133854.175000
434 885 192649.895000 47588.072500
435 1065 3071.260000 9965.590000
436 884 146189.727500 153200.805000
437 1096 18204.610000 76520.710000
438 1068 102338.877500 16533.042500
439 957 168209.497500 52854.340000
440 956 87816.977500 124692.710000
441 1306 63200.510000 10361.757500
442 1410 77185.220000 179126.290000
443 1286 26378.640000 129945.727500
444 1172 57741.357500 86077.142500
445 927 9871.962500 187258.215000
446 1205 112589.342500 9008.672500
447 1043 92339.347500 81216.137500
448 1135 64099.007500 191826.640000
449 931 24243.070000 2641.182500
450 1298 11309.945000 54442.490000
451 1159 197906.082500 108433.467500
452 923 104400.947500 74556.265000
453 971 159952.972500 79206.200000
454 951 180333.447500 14221.325000
455 1008 120241.500000 7859.740000
456 756 162273.397500 59554.115000
457 1227 41906.772500 172065.010000
458 924 84943.710000 10944.955000
459 1313 168280.302500 122770.492500
460 979 13979.537500 70124.730000
461 1264 4320.685000 78187.790000
462 1077 9122.392500 165101.600000
463 1315 196301.392500 56403.465000
464 1160 72774.587500 89540.010000
465 1188 18208.135000 90795.920000
466 1439 178920.355000 126136.842500
467 1029 179098.385000 75549.757500
468 1024 39594.050000 98960.057500
469 1216 160380.417500 32012.062500
470 1371 173548.500000 36302.460000
471 941 95495.345000 190490.752500
472 1131 193487.220000 55929.330000
473 936 97018.877500 85746.395000
474 1527 179765.682500 2964.432500
475 900 146522.210000 60403.107500
476 916 61630.520000 145318.570000
477 1275 51045.132500 117382.217500
478 784 140938.967500 142642.422500
479 1047 126044.877500 51789.922500
480 1325 116542.652500 135102.952500
481 1026 82115.682500 165297.110000
482 1077 4535.370000 86160.967500
483 1396 13911.532500 129107.420000
484 1285 31511.032500 86125.862500
485 1308 122972.145000 167450.175000
486 1536 56576.115000 7961.207500
487 1062 95697.232500 185835.257500
488 838 72530.445000 119255.960000
489 1552 81144.105000 89130.710000
490 1395 56110.297500 196785.562500
491 1550 130130.317500 142590.377500
492 1332 127862.627500 54888.340000
493 774 133663.420000 191689.217500
494 1234 169674.142500 183232.735000
495 1410 65249.927500 150707.075000
496 1200 122571.280000 53699.307500
497 1413 115993.830000 178526.635000
498 792 149850.147500 161458.542500
499 717 154953.482500 36210.015000
500 1244 87513.220000 143188.522500
501 784 198704.195000 37906.262500
502 969 73001.452500 188908.487500
503 1137 122640.362500 175587.895000
504 1398 79145.472500 145345.000000
505 1285 112426.497500 163853.680000
506 1154 55867.717500 52054.105000
507 1045 70013.987500 154481.017500
508 1250 5441.935000 105969.885000
509 791 57423.672500 199158.590000
510 1111 186397.242500 161241.380000
511 798 48475.820000 69375.960000
512 1194 50797.627500 21391.915000
513 1341 190566.782500 181109.290000
514 1305 40338.767500 128029.492500
515 1138 18673.515000 65530.422500
516 1150 102064.690000 198722.872500
517 863 7353.927500 159475.200000
518 1569 870.752500 122376.980000
519 1117 112580.775000 195718.547500
520 1316 86230.222500 23218.055000
521 937 192593.250000 95064.102500
522 1065 157023.097500 94020.822500
523 1260 51552.182500 63052.910000
524 1087 137892.527500 125509.962500
525 1220 71475.085000 175755.135000
526 1022 169094.342500 38010.120000
527 1230 11915.592500 178166.137500
528 963 28451.860000 47014.375000
529 1076 122280.657500 172788.717500
530 921 54049.390000 60304.412500
531 1066 75788.830000 82410.362500
532 1155 2333.522500 94331.595000
533 1548 81785.382500 33725.632500
534 1108 116538.175000 115566.522500
535 1512 16366.670000 180433.010000
536 1212 24407.017500 132396.960000
537 1528 39853.565000 148043.777500
538 604 185112.600000 47869.470000
539 1413 160118.257500 2577.697500
540 1079 186906.720000 5923.332500
541 1025 144843.782500 22985.652500
542 990 194115.607500 153443.790000
543 1394 55662.450000 26070.565000
544 1224 182704.135000 106628.687500
545 1580 14623.652500 73180.880000
546 859 81988.252500 3212.227500
547 989 128030.387500 173635.715000
548 1140 162974.037500 188028.530000
549 510 74604.680000 111216.355000
550 780 45473.800000 111707.800000
551 1017 68556.250000 45957.005000
552 1005 101101.852500 161904.560000
553 1053 106814.562500 176873.505000
554 1324 118181.307500 75004.890000
555 1038 146626.255000 56448.335000
556 1120 127143.515000 6855.752500
557 1520 28441.960000 38895.862500
558 965 188694.112500 36183.155000
559 1223 17607.507500 147293.887500
560 1068 73488.690000 176301.452500
561 1052 134857.892500 63983.412500
562 825 87547.520000 45841.615000
563 692 159140.545000 120903.280000
564 1592 147317.235000 88583.440000
565 835 38421.020000 158987.252500
566 1124 16542.867500 36052.650000
567 1194 172639.630000 10146.412500
568 977 28762.050000 40317.530000
569 1254 60740.282500 14063.082500
570 1383 65287.535000 49734.762500
571 1108 114563.297500 9751.387500
572 1061 169352.155000 169975.067500
573 1387 160220.822500 193921.645000
574 1052 196349.182500 44178.970000
575 757 81493.050000 126991.902500
576 1388 93575.530000 181214.590000
577 1260 186474.495000 163049.117500
578 1255 12552.270000 149535.492500
579 968 105311.347500 160177.697500
580 941 13664.355000 157402.080000
581 1199 142259.522500 162192.042500
582 1125 106161.377500 115475.832500
583 921 112296.012500 25319.872500
584 695 182105.690000 191185.715000
585 1519 154239.087500 8542.155000
586 1192 70078.365000 148186.007500
587 1468 98424.660000 113175.890000
588 1286 40765.795000 187694.955000
589 1032 72982.405000 153402.640000
590 1125 111544.812500 919.997500
591 844 114584.035000 179562.487500
592 970 137362.972500 97431.780000
593 1158 135039.740000 188236.877500
594 1127 184234.662500 174006.545000
595 854 19150.992500 91206.847500
596 1290 56417.557500 68854.292500
597 1230 118917.467500 36926.522500
598 1519 172503.730000 75229.187500
599 953 74597.517500 73175.187500
600 679 189935.932500 8624.870000
601 1169 72750.012500 181622.680000
602 1275 45002.877500 179125.305000
603 1394 100003.385000 68161.407500
604 1151 3017.600000 152432.335000
605 952 168514.912500 69659.727500
606 951 192523.247500 53157.160000
607 1151 103951.740000 126318.367500
608 1041 164787.015000 17434.862500
609 824 69386.585000 157465.327500
610 1387 46176.855000 142742.530000
611 1387 117108.680000 113861.450000
612 1089 133813.922500 82586.757500
613 717 71884.815000 1109.417500
614 1177 11731.845000 124080.475000
615 1268 192343.265000 55215.312500
616 1293 26970.857500 166999.760000
617 739 134355.180000 114999.377500
618 1077 179372.315000 35034.415000
619 960 121090.675000 23634.815000
620 949 179944.645000 174712.967500
621 1461 66661.460000 7975.707500
622 740 166449.642500 140732.052500
623 928 116924.290000 116186.340000
624 1199 168615.982500 117287.597500
625 1139 71434.395000 55759.350000
626 980 41900.092500 166271.285000
627 1102 168206.450000 147627.305000
628 809 42015.690000 22154.397500
629 1149 119305.925000 39829.602500
630 1144 165732.962500 5387.455000
631 1393 118207.375000 123759.810000
632 1450 38425.787500 60489.300000
633 1166 57260.870000 175648.967500
634 1379 87457.832500 91975.260000
635 1384 112534.725000 164749.917500
636 1206 33117.175000 78092.530000
637 1429 85564.332500 120732.302500
638 910 127789.162500 138012.520000
639 1440 173341.880000 50671.125000
640 1325 10481.872500 5755.745000
641 1292 193854.207500 97644.747500
642 770 164173.452500 187890.575000
643 1137 126749.502500 25083.292500
644 1205 173728.020000 183360.887500
645 629 146555.757500 185597.802500
646 1339 78091.322500 178798.887500
647 1235 21147.207500 111385.560000
648 984 184302.717500 28930.095000
649 794 177660.125000 115956.250000
650 1639 176621.592500 42366.435000
651 1413 127008.660000 58482.430000
652 869 24295.265000 56679.867500
653 1105 143368.485000 193017.307500
654 1096 69244.885000 140869.397500
655 1257 140469.635000 129518.520000
656 1213 32272.922500 175322.147500
657 728 190952.222500 35445.235000
658 1092 140163.015000 114733.157500
659 1403 107489.037500 14964.052500
660 1141 154419.992500 40577.070000
661 1557 122658.672500 74446.815000
662 1244 126790.005000 100573.612500
663 878 52075.722500 68716.362500
664 1234 122839.890000 168196.980000
665 795 162880.140000 102896.102500
666 993 57678.677500 160573.862500
667 1280 17119.595000 122688.157500
668 1087 77190.157500 152076.817500
669 1275 190985.282500 6528.445000
670 1144 34402.967500 5559.367500
671 1023 169280.752500 119765.410000
672 824 95621.297500 34817.560000
673 552 61062.557500 87014.615000
674 1432 13454.100000 191792.870000
675 1131 97498.172500 66198.465000
676 1293 45788.845000 2634.627500
677 623 114878.630000 22474.357500
678 1369 20950.170000 15763.387500
679 1219 147251.120000 148071.940000
680 1532 133783.465000 83727.800000
681 715 98297.117500 169045.250000
682 902 75907.242500 124358.302500
683 1345 50129.732500 175285.895000
684 1004 20730.015000 74810.060000
685 1122 131903.840000 164463.675000
686 1171 52124.735000 177074.352500
687 1249 97666.270000 57382.432500
688 907 142414.075000 43888.745000
689 1250 74905.417500 19391.610000
690 902 143980.785000 108094.397500
691 1034 116616.112500 65568.250000
692 1232 22428.662500 111133.475000
693 814 41358.910000 163950.315000
694 1158 153338.897500 82258.977500
695 1209 57582.600000 98381.167500
696 1233 140907.602500 154981.230000
697 1054 152871.177500 1187.410000
698 1233 155085.530000 142552.435000
699 831 162299.195000 16021.445000
700 629 80386.912500 164785.432500
701 1216 117035.200000 164871.557500
702 1322 195373.102500 129781.947500
703 1267 7607.472500 142111.465000
704 1167 117932.492500 127786.462500
705 1055 16162.000000 184898.095000
706 1140 58978.235000 141396.657500
707 1484 130474.975000 45652.207500
708 929 47727.682500 160184.295000
709 971 5588.632500 33147.482500
710 1072 152820.507500 76187.140000
711 1159 35678.285000 21146.767500
712 1086 56723.382500 154562.195000
713 1379 44810.440000 115546.382500
714 1220 174955.700000 23986.180000
715 1101 104536.257500 146397.530000
716 559 168673.015000 16113.620000
717 1188 115339.565000 94601.052500
718 1173 143889.395000 105283.077500
719 930 137058.475000 108226.312500
720 726 164062.715000 146156.472500
721 1283 71903.262500 197996.872500
722 1167 183916.607500 118643.327500
723 682 75266.880000 38961.137500
724 897 96342.905000 75035.927500
725 1185 9358.997500 47921.505000
726 1073 128515.080000 173611.715000
727 946 32451.370000 50642.460000
728 1138 106705.047500 43945.370000
729 980 59426.107500 60986.047500
730 887 142944.835000 177494.297500
731 1085 162218.882500 17037.945000
732 634 60244.477500 121274.620000
733 1106 110560.130000 18930.880000
734 965 123146.767500 130456.577500
735 1054 36930.402500 122765.612500
736 1350 91559.900000 24246.695000
737 1209 174994.570000 127426.585000
738 1158 114891.062500 63323.252500
739 1038 54480.107500 99573.837500
740 1068 62676.730000 31753.135000
741 1192 69055.125000 124431.257500
742 1403 22246.775000 183303.382500
743 900 184157.977500 88306.125000
744 1493 68963.672500 46552.520000
745 1049 198575.375000 175171.125000
746 1092 4330.090000 95491.470000
747 1411 137139.352500 78568.495000
748 1160 115035.542500 139914.952500
749 1183 173354.020000 57477.760000
750 1030 60377.305000 65015.050000
751 768 90903.452500 170817.322500
752 847 27653.045000 105290.810000
753 869 196089.040000 41919.107500
754 1278 110206.680000 118732.107500
755 1043 117330.617500 41956.952500
756 1392 139431.077500 137408.672500
757 1261 171811.135000 98647.465000
758 1056 113824.672500 197738.062500
759 1426 59757.227500 50363.485000
760 927 168907.500000 91025.482500
761 785 180337.285000 39862.332500
762 1136 169864.627500 154040.532500
763 1450 96558.782500 148908.055000
764 690 45560.292500 179174.615000
765 1183 54633.430000 108290.492500
766 588 166333.162500 99679.337500
767 1345 169632.742500 1311.087500
768 786 48695.555000 30952.577500
769 1064 35285.712500 90342.242500
770 1318 180614.777500 111750.817500
771 1234 167304.770000 185661.440000
772 715 86607.267500 4287.302500
773 956 184893.147500 119496.005000
774 1222 112302.012500 160214.515000
775 1264 192113.400000 38253.335000
776 945 100999.690000 117266.015000
777 1237 90088.037500 105617.555000
778 1395 14266.690000 45623.247500
779 639 78433.375000 111384.190000
780 977 59241.962500 65994.292500
781 1075 54494.485000 123687.957500
782 1197 66549.505000 28624.275000
783 1215 122399.477500 17444.705000
784 1177 81854.427500 177229.837500
785 1116 28774.865000 57844.712500
786 1080 118885.360000 149578.060000
787 951 89717.602500 79613.020000
788 1137 114955.380000 23110.945000
789 1138 44556.522500 22946.595000
790 803 75984.957500 112332.420000
791 1027 117419.535000 69832.477500
792 1004 141593.242500 3036.962500
793 1349 13267.835000 92053.510000
794 1008 49987.352500 160959.455000
795 1179 66439.252500 183916.855000
796 1041 50481.557500 176374.742500
797 1124 94471.300000 56053.875000
798 671 157123.567500 158922.627500
799 1143 37970.772500 51733.055000
800 1342 87065.820000 3837.350000
801 939 127533.622500 45934.392500
802 1023 103063.585000 193494.672500
803 811 35542.240000 127015.492500
804 937 151708.575000 169944.202500
805 815 36175.140000 74276.960000
806 1347 168201.662500 179274.617500
807 974 88344.752500 61323.712500
808 1023 101440.477500 171824.000000
809 1195 184371.792500 148097.997500
810 803 51680.777500 112270.915000
811 1153 29603.530000 184362.775000
812 1134 30093.392500 170027.805000
813 1193 41829.160000 36204.965000
814 914 194597.435000 135629.150000
815 1321 81915.832500 122092.855000
816 843 24330.897500 68724.875000
817 808 67753.102500 87119.925000
818 1350 42206.772500 67115.420000
819 633 122923.960000 109562.577500
820 913 40451.012500 2738.910000
821 735 143432.440000 109455.975000
822 963 47190.210000 137105.945000
823 856 139388.332500 114168.762500
824 823 38844.557500 185036.972500
825 951 56010.112500 91607.817500
826 1116 80979.207500 173929.387500
827 1081 118771.410000 112530.665000
828 1165 8894.470000 121323.157500
829 1319 47544.100000 34574.110000
830 1001 7901.262500 33049.605000
831 1020 23257.775000 46382.830000
832 968 20816.897500 31606.252500
833 1072 345.505000 82906.192500
834 1611 63547.922500 30024.980000
835 1210 138934.882500 179573.075000
836 1145 39421.852500 82901.990000
837 1199 51702.302500 95525.445000
838 875 22071.840000 12770.007500
839 1260 188693.395000 97103.422500
840 629 780.477500 33394.635000
841 905 146324.835000 89622.690000
842 1123 47066.637500 38347.632500
843 1242 19385.095000 37091.490000
844 1463 45124.112500 89906.725000
845 1152 113344.325000 149207.025000
846 1086 73385.215000 176428.835000
847 1072 114604.717500 89880.857500
848 964 152875.897500 68480.162500
849 1106 61566.947500 116685.910000
850 1164 177902.192500 160048.350000
851 1003 100024.047500 154969.785000
852 1000 177486.252500 1154.045000
853 1047 13592.087500 97763.007500
854 1264 89007.632500 164218.802500
855 1056 38050.060000 24590.495000
856 1004 78258.560000 194656.752500
857 1432 140757.322500 10815.412500
858 1457 77046.390000 30775.412500
859 1293 198706.700000 190619.805000
860 1105 149598.315000 84612.265000
861 921 26300.950000 150601.512500
862 1100 1803.450000 192651.595000
863 1296 139635.865000 139436.655000
864 912 147676.062500 188243.445000
865 850 67865.635000 57193.880000
866 547 127091.827500 29792.135000
867 1233 142380.815000 17384.427500
868 1282 14644.377500 184438.910000
869 1293 165359.915000 170250.620000
870 1061 157050.827500 134750.010000
871 1414 107300.530000 16181.780000
872 832 180395.885000 8728.160000
873 1137 55690.530000 171407.870000
874 1091 65384.465000 94508.642500
875 1276 94691.270000 176318.572500
876 665 100366.402500 99613.457500
877 1245 86512.180000 53157.372500
878 1322 102273.125000 174193.727500
879 1217 136305.412500 78441.107500
880 1311 48802.630000 50542.940000
881 1088 57128.685000 5871.985000
882 1031 172815.985000 84313.172500
883 1531 100631.145000 86429.962500
884 1332 143598.385000 56246.347500
885 1282 156220.825000 112729.927500
886 1255 860.505000 82313.390000
887 1316 96474.920000 57029.997500
888 775 103291.692500 120601.622500
889 1205 96308.660000 189257.780000
890 1268 153966.105000 71081.005000
891 860 91016.160000 92233.435000
892 1388 39315.370000 191168.142500
893 1015 113815.130000 9257.325000
894 856 36493.325000 111777.835000
895 1044 19299.405000 73869.852500
896 1142 150716.597500 13332.327500
897 1410 78637.215000 177245.860000
898 1359 107776.745000 132379.220000
899 1081 176438.315000 78269.950000
900 1065 7933.435000 145149.197500
901 1260 122366.097500 125009.725000
902 1474 151057.905000 51964.782500
903 1048 25480.352500 45183.950000
904 1381 105248.982500 153761.895000
905 1116 79058.992500 198572.862500
906 855 171657.545000 103856.260000
907 1060 156705.412500 7101.267500
908 1267 9965.542500 153388.077500
909 882 157427.005000 120342.250000
910 999 29933.365000 50394.832500
911 1423 161098.120000 143644.690000
912 886 144363.290000 19970.447500
913 861 3046.510000 58102.307500
914 797 91975.265000 197543.122500
915 800 73354.370000 28871.350000
916 956 116706.607500 125581.222500
917 733 149236.852500 75827.897500
918 986 47773.107500 132666.867500
919 1343 63273.107500 165731.432500
920 1162 131481.997500 153268.822500
921 888 140199.487500 17272.917500
922 992 9464.787500 150784.247500
923 885 42608.150000 87961.875000
924 1336 106779.835000 162401.107500
925 1296 55235.920000 51756.787500
926 1147 42531.330000 129949.565000
927 1089 10854.675000 36692.497500
928 1013 175086.705000 162809.060000
929 1417 46805.607500 197366.210000
930 943 103392.790000 41147.637500
931 1242 40531.587500 3511.802500
932 1617 33371.222500 140774.177500
933 1324 122145.210000 164927.080000
934 941 170749.272500 118657.565000
935 1050 26303.225000 3823.247500
936 815 189416.972500 8080.080000
937 986 114224.507500 77869.825000
938 912 45503.075000 122392.647500
939 1257 34163.647500 119904.892500
940 1203 140576.650000 194205.910000
941 1086 41866.000000 90283.897500
942 984 85101.295000 195432.627500
943 1166 54006.115000 39797.000000
944 697 35592.160000 50744.925000
945 1087 178935.707500 180128.282500
946 550 51153.397500 39256.522500
947 1277 97873.087500 187283.107500
948 1174 165226.280000 14280.825000
949 999 177409.450000 126579.237500
950 811 145522.640000 135057.555000
951 1403 83594.905000 10020.195000
952 1098 9675.910000 97717.592500
953 1290 119278.007500 99980.222500
954 759 141337.482500 143866.380000
955 1169 183979.947500 19088.285000
956 903 85944.990000 188709.405000
957 1176 17286.520000 134036.220000
958 1052 1229.505000 121211.942500
959 1652 143099.797500 119997.995000
960 1393 53046.660000 92609.882500
961 1323 70097.007500 75123.247500
962 911 178838.247500 15422.542500
963 1127 65155.990000 114519.225000
964 1340 123148.940000 74676.005000
965 1444 113303.532500 178639.927500
966 1247 113916.290000 8809.677500
967 1321 54987.267500 184193.915000
968 897 181573.050000 111201.955000
969 1386 8033.270000 83346.995000
970 1035 20808.332500 107684.207500
971 1158 24857.252500 3367.687500
972 1196 120998.090000 74549.270000
973 1092 135862.525000 186213.555000
974 1199 150849.115000 65240.272500
975 934 29110.760000 109808.280000
976 969 71033.522500 31635.692500
977 1739 2334.552500 64045.987500
978 893 130032.500000 14573.532500
979 1218 24428.495000 3010.715000
980 1063 117957.522500 47208.480000
981 1002 167841.737500 55381.107500
982 727 188443.302500 97930.610000
983 1289 40512.512500 60553.370000
984 857 35667.552500 60761.092500
985 932 131337.495000 27778.940000
986 1532 196428.625000 106263.805000
987 1415 45627.757500 7016.985000
988 1294 23721.115000 126094.270000
989 1264 148507.290000 195679.702500
990 1258 28427.210000 156158.372500
991 1156 99111.127500 194380.580000
992 1202 133136.745000 193071.115000
993 971 13536.620000 164755.297500
994 1233 115550.312500 143909.177500
995 1042 129992.802500 52569.457500
996 1314 91475.027500 89829.085000
997 802 59105.265000 156612.502500
998 1345 129103.077500 178421.277500
999 1022 60074.840000 107769.195000
1000 1168 179381.577500 86295.760000
1001 1021 141861.725000 52827.697500
1002 433 93670.522500 64853.015000
1003 1164 95443.505000 131538.892500
1004 832 117889.140000 53807.322500
1005 1054 173364.780000 13123.542500
1006 1140 59433.025000 166573.007500
1007 1284 53132.095000 173455.692500
1008 979 82942.572500 185746.990000
1009 770 152920.330000 45983.820000
1010 1164 11681.930000 146662.395000
1011 1197 150810.870000 30232.172500
1012 844 188981.615000 11372.422500
1013 1078 188886.155000 67355.907500
1014 1267 110488.535000 109992.357500
1015 953 148170.292500 158482.272500
1016 1417 157997.207500 32800.722500
1017 879 74103.155000 74654.227500
1018 916 123348.260000 10330.597500
1019 1243 194207.777500 176679.215000
1020 981 116078.407500 81242.027500
1021 769 44996.350000 125326.715000
1022 1201 3804.725000 141541.012500
1023 1247 125732.867500 166654.415000
1024 1040 113153.082500 152959.997500
1025 1174 174787.800000 107543.437500
1026 1228 11195.350000 166127.862500
1027 1335 136162.062500 139135.740000
1028 621 3244.525000 38715.492500
1029 1569 191744.607500 154717.047500
1030 1115 12341.915000 35939.690000
1031 934 22942.145000 146900.322500
1032 1330 113400.757500 189297.735000
1033 1100 97085.907500 125833.170000
1034 1220 12631.000000 100649.392500
1035 956 9184.690000 76707.667500
1036 1141 127344.000000 118926.302500
1037 1149 183176.045000 63173.022500
1038 1335 72357.387500 6246.150000
1039 762 103988.562500 122836.472500
1040 1100 150936.592500 19893.977500
1041 1104 12006.155000 50869.945000
1042 1190 92135.892500 25860.425000
1043 602 105822.497500 142927.880000
1044 1035 177784.835000 115218.897500
1045 1402 69405.742500 36486.717500
1046 1441 60201.377500 12522.035000
1047 942 20647.440000 25343.225000
1048 935 74459.150000 18893.642500
1049 923 12538.182500 144030.402500
1050 1237 70638.825000 111936.160000
1051 1440 160280.365000 165896.132500
1052 1525 96967.072500 142922.832500
1053 1114 106113.980000 113443.340000
1054 1349 108675.170000 35056.182500
1055 1409 87992.297500 27155.822500
1056 864 123524.107500 46260.690000
1057 824 51644.672500 10239.065000
1058 927 130795.557500 3615.840000
1059 1239 79695.215000 30154.392500
1060 1248 105369.790000 64308.552500
1061 1156 107249.840000 196120.802500
1062 1299 195889.082500 117496.152500
1063 1355 59430.377500 110035.622500
1064 1547 99409.785000 10608.120000
1065 1175 105899.182500 194523.650000
1066 1312 159067.890000 20193.660000
1067 1168 114692.005000 178454.412500
1068 934 199602.870000 45648.535000
1069 1471 131952.437500 57834.310000
1070 1157 156341.317500 189314.865000
1071 1504 64753.277500 46652.025000
1072 947 74500.782500 190012.975000
1073 826 77384.392500 101809.680000
1074 791 87171.662500 108164.785000
1075 922 23349.495000 164333.077500
1076 1247 163984.387500 145759.140000
1077 974 157946.940000 51476.940000
1078 1564 182798.190000 192462.882500
1079 1254 191897.157500 84304.390000
1080 1031 199133.662500 42205.092500
1081 1072 128017.022500 11584.710000
1082 1160 52511.437500 85131.655000
1083 1009 107043.725000 48653.142500
1084 1068 46067.467500 185119.010000
1085 1311 11603.540000 15898.812500
1086 1290 109756.985000 59806.962500
1087 1322 18015.617500 31884.957500
1088 522 80154.862500 194446.512500
1089 1166 76296.592500 27083.425000
1090 1140 70384.212500 181171.265000
1091 1225 123856.457500 199608.652500
1092 760 197276.027500 37266.582500
1093 1046 106808.242500 53178.007500
1094 1180 195519.860000 180719.905000
1095 1120 67264.900000 34998.250000
1096 1110 100734.022500 188050.235000
1097 1095 131563.745000 195024.382500
1098 972 63478.627500 115580.900000
1099 1220 124409.727500 143533.287500
1100 1297 14345.030000 137335.177500
1101 963 15723.322500 20212.647500
1102 1060 143577.177500 171715.390000
1103 1752 65921.522500 182728.425000
1104 915 67718.505000 35624.222500
1105 1707 130365.317500 36687.182500
1106 1411 192881.445000 133097.877500
1107 1225 33888.302500 168428.922500
1108 785 81532.630000 162318.475000
1109 1310 137578.947500 1031.730000
1110 1341 77703.172500 123865.140000
1111 1310 72606.805000 9349.002500
1112 1257 196979.947500 93136.392500
1113 925 151035.710000 147976.387500
1114 1198 133858.462500 153081.317500
1115 1100 117636.055000 197303.402500
1116 1191 195507.792500 45655.795000
1117 1285 128056.150000 139510.535000
1118 1171 184971.210000 86448.830000
1119 1079 195545.110000 185899.225000
1120 1394 29893.787500 71498.785000
1121 1140 128360.685000 148475.675000
1122 909 163848.520000 38378.460000
1123 1096 2597.067500 103435.685000
1124 1265 93105.515000 31507.660000
1125 943 168339.095000 98174.982500
1126 754 7331.447500 132428.265000
1127 1141 42480.912500 126908.447500
1128 1063 65918.592500 162904.240000
1129 1007 39040.957500 70249.605000
1130 1359 107235.257500 140990.507500
1131 1043 172164.062500 27881.532500
1132 1018 134835.837500 169729.627500
1133 1150 183097.977500 6305.195000
1134 896 95633.167500 27496.045000
1135 873 23334.577500 190392.075000
1136 1118 144730.875000 12662.960000
1137 1106 152327.052500 31184.777500
1138 1427 26804.517500 22130.777500
1139 923 133470.957500 174992.740000
1140 1113 108347.762500 35553.977500
1141 704 186222.965000 60831.410000
1142 1036 60756.685000 80775.045000
1143 905 145848.502500 56413.387500
1144 1175 165790.200000 176807.702500
1145 1430 30139.610000 110770.752500
1146 994 45242.095000 4491.390000
1147 1021 6135.715000 136708.232500
1148 656 192265.247500 16692.352500
1149 1273 84338.090000 122102.587500
1150 1298 68268.205000 156199.870000
1151 1023 136360.050000 14060.780000
1152 1453 37701.005000 133420.587500
1153 760 123740.385000 99279.132500
1154 1126 58101.675000 96645.667500
1155 1265 162766.170000 48448.807500
1156 1321 39771.452500 19449.190000
1157 939 109377.595000 139622.890000
1158 1319 96218.125000 112139.317500
1159 772 17267.695000 12327.537500
1160 1056 9105.850000 107458.455000
1161 531 93353.942500 156390.555000
1162 1420 38885.137500 119649.725000
1163 1018 188514.287500 189128.387500
1164 1137 145843.337500 46191.970000
1165 854 66270.602500 71987.352500
1166 1099 62813.567500 146993.070000
1167 925 1950.722500 107532.137500
1168 1366 170501.255000 144298.427500
1169 555 8228.880000 137847.620000
1170 1436 184906.157500 34591.887500
1171 1443 23282.905000 108889.767500
1172 1254 61967.905000 173913.052500
1173 861 121480.190000 68761.140000
1174 1303 77108.850000 68184.842500
1175 937 192998.612500 63385.780000
1176 1621 137755.782500 83556.342500
1177 975 179533.997500 90433.970000
1178 1238 167973.540000 44417.272500
1179 1330 135807.902500 2996.792500
1180 1116 119346.192500 117941.077500
1181 1158 130687.640000 88537.370000
1182 1025 57314.250000 41411.400000
1183 959 87369.720000 70610.867500
1184 1160 84952.870000 119665.240000
1185 840 76515.737500 15623.042500
1186 1353 167221.042500 95621.122500
1187 1429 185740.122500 39707.340000
1188 1216 153049.200000 107778.407500
1189 1014 191490.947500 98932.045000
1190 874 61669.095000 92207.460000
1191 1030 56652.450000 143797.755000
1192 1394 162490.997500 161296.120000
1193 1243 24934.975000 61895.557500
1194 1133 156218.465000 191081.795000
1195 1134 53140.682500 47052.172500
1196 1464 58052.967500 58818.520000
1197 1372 144917.397500 124073.280000
1198 1614 59197.497500 861.702500
1199 1257 63339.160000 22851.847500
1200 972 75521.847500 86464.865000
1201 1205 144983.155000 132417.115000
1202 996 132213.570000 41074.287500
1203 752 99354.262500 109638.245000
1204 972 105655.497500 113523.935000
1205 1258 172084.067500 47992.240000
1206 1021 159017.942500 25741.850000
1207 772 28135.250000 122299.342500
1208 932 192493.817500 69316.552500
1209 848 64116.997500 73909.277500
1210 1158 148965.075000 15836.047500
1211 1179 156956.822500 4683.322500
1212 1197 172781.825000 92377.055000
1213 1013 95968.000000 178400.962500
1214 1223 180972.545000 183297.660000
1215 857 113537.240000 196764.722500
1216 1191 69376.505000 137114.062500
1217 1520 51647.177500 189668.640000
1218 1261 156233.820000 43688.147500
1219 1016 67549.202500 67610.362500
1220 1697 196202.957500 185264.477500
1221 1014 32218.510000 199333.610000
1222 1059 16132.632500 95734.852500
1223 1000 174712.372500 13353.345000
1224 1243 172983.317500 31170.477500
1225 950 182455.260000 9931.770000
1226 784 124196.525000 62037.872500
1227 837 16282.445000 93747.125000
1228 1325 172651.927500 161849.522500
1229 1295 102047.722500 152962.220000
1230 989 15345.397500 179502.187500
1231 1146 25036.085000 61151.450000
1232 1008 59282.927500 29564.592500
1233 952 78429.002500 37999.420000
1234 1122 166451.030000 148391.380000
1235 1078 110229.307500 33174.412500
1236 1082 86323.657500 164595.790000
1237 1036 188340.635000 170809.950000
1238 1046 40371.245000 92904.307500
1239 878 167100.857500 103808.477500
1240 848 78612.660000 22856.572500
1241 848 181678.965000 186123.992500
1242 1059 122103.977500 22106.030000
1243 1195 65612.752500 197636.222500
1244 999 17599.350000 43361.680000
1245 1175 146838.530000 196748.847500
1246 690 89546.372500 1635.970000
1247 1159 14283.970000 132107.667500
1248 1256 88763.272500 190759.295000
1249 1010 12398.830000 193636.170000
1250 769 90098.285000 178734.902500
1251 1144 25730.615000 38908.275000
1252 785 52367.922500 93120.715000
1253 846 176708.482500 96696.985000
1254 689 24503.020000 95074.895000
1255 1167 54518.825000 76992.542500
1256 1344 105543.085000 122136.682500
1257 1318 63580.232500 38389.510000
1258 1367 73313.592500 72103.280000
1259 853 124851.860000 134270.410000
1260 690 34791.337500 80147.292500
1261 1198 133759.697500 145664.487500
1262 852 163449.467500 189666.762500
1263 873 83071.860000 60319.260000
1264 1512 168631.697500 29530.850000
1265 946 171766.777500 8896.692500
1266 1118 101765.742500 45248.400000
1267 1121 52004.325000 19083.590000
1268 1113 170626.750000 146902.932500
1269 1268 82697.252500 27617.512500
1270 1166 48271.957500 60134.372500
1271 1189 89575.475000 49129.260000
1272 1507 195599.592500 68976.642500
1273 1306 197182.182500 166535.280000
1274 971 50720.532500 20860.382500
1275 1186 10384.890000 70625.572500
1276 864 85924.125000 95758.117500
1277 1070 97375.350000 133980.020000
1278 1002 47931.927500 104939.407500
1279 1016 134826.112500 198108.945000
1280 893 8010.287500 71064.097500
1281 1119 191026.970000 116295.870000
1282 1012 164847.642500 123930.630000
1283 967 190779.557500 75138.237500
1284 1062 51978.380000 69239.365000
1285 1337 24450.145000 97842.250000
1286 1144 137150.457500 131442.585000
1287 926 124875.007500 5307.590000
1288 1203 57899.422500 24658.137500
1289 1353 49748.937500 21250.022500
1290 1172 166834.872500 77211.257500
1291 1178 174882.125000 191790.425000
1292 887 145654.637500 167953.995000
1293 931 123059.682500 77858.245000
1294 1023 1236.827500 105404.667500
1295 1119 69641.685000 145219.520000
1296 1076 101297.360000 58653.797500
1297 1347 173668.685000 68215.417500
1298 1381 53932.062500 56445.510000
1299 929 174919.512500 6882.937500
1300 928 71013.972500 101662.687500
1301 1303 21809.200000 125228.082500
1302 1027 149377.440000 150600.370000
1303 1254 144100.542500 181494.095000
1304 1435 172188.737500 96380.002500
1305 910 41120.772500 187558.537500
1306 1154 32474.935000 166338.507500
1307 1433 121769.680000 181218.692500
1308 505 57501.270000 54686.685000
1309 836 110907.820000 129615.962500
1310 716 168642.492500 149078.377500
1311 1299 74588.862500 152338.710000
1312 1170 41261.992500 117548.790000
1313 1377 136074.880000 166096.057500
1314 765 147135.167500 135210.645000
1315 651 191496.390000 166637.490000
1316 1121 74712.607500 71184.662500
1317 1117 7637.617500 25933.805000
1318 1084 48345.225000 126374.407500
1319 1114 83506.200000 141273.730000
1320 1142 178658.692500 194608.002500
1321 1189 154977.730000 65268.545000
1322 1214 22295.722500 49651.047500
1323 1008 151140.597500 5889.250000
1324 1123 50392.025000 66483.945000
1325 1394 66042.877500 71014.812500
1326 1231 142852.917500 30073.220000
1327 1212 184229.840000 37323.392500
1328 1629 56767.350000 23748.755000
1329 1197 181797.920000 191697.592500
1330 825 120743.195000 70750.952500
1331 1023 93118.227500 19742.775000
1332 1088 37726.525000 1226.132500
1333 1096 34477.677500 17818.142500
1334 1257 59525.812500 118477.537500
1335 1071 28470.182500 4199.137500
1336 1015 40639.450000 161003.972500
1337 888 11224.010000 21417.842500
1338 1256 165162.390000 150637.640000
1339 988 31957.160000 134535.822500
1340 1054 98921.065000 161363.540000
1341 1082 37678.060000 39654.755000
1342 727 116572.267500 157220.037500
1343 910 14947.662500 50796.287500
1344 1452 71589.510000 153382.532500
1345 789 178102.842500 162811.897500
1346 1376 18339.145000 2973.190000
1347 1421 12649.230000 52987.432500
1348 1440 87225.805000 136845.852500
1349 1128 71419.340000 151566.810000
1350 1126 124808.522500 102974.520000
1351 794 97134.605000 122652.197500
1352 971 198320.090000 138802.597500
1353 802 11586.815000 59209.315000
1354 1137 35730.180000 179822.965000
1355 1259 16890.402500 166968.285000
1356 1100 13967.625000 180859.387500
1357 1155 162070.562500 115537.430000
1358 1215 2376.857500 88537.665000
1359 1419 88342.527500 108919.272500
1360 1192 147423.710000 147983.962500
1361 937 61179.767500 148240.615000
1362 1365 116277.257500 60452.122500
1363 1262 119049.595000 15296.262500
1364 658 15977.687500 119578.585000
1365 935 54653.885000 12204.692500
1366 1315 7519.435000 5047.115000
1367 812 91227.670000 111098.710000
1368 1107 15028.852500 118783.712500
1369 1227 23331.260000 160273.600000
1370 822 113742.252500 29690.862500
1371 1014 122325.607500 120978.282500
1372 1055 39049.870000 2795.087500
1373 1364 22899.430000 119970.717500
1374 1110 174858.612500 18134.707500
1375 990 86398.552500 98537.992500
1376 1592 44208.115000 183618.725000
1377 913 182006.972500 114955.707500
1378 1073 174491.770000 66740.507500
1379 870 83038.442500 106478.145000
1380 1121 169199.252500 74671.170000
1381 877 116981.432500 134068.507500
1382 1154 198730.710000 117177.162500
1383 873 128958.497500 154627.397500
1384 1345 181839.897500 113176.082500
1385 836 66360.547500 193410.497500
1386 1167 122974.690000 141775.172500
1387 883 135396.897500 163667.690000
1388 1245 35865.875000 35941.477500
1389 1468 90884.937500 67358.337500
1390 1043 95648.847500 169502.160000
1391 1234 14234.942500 168519.245000
1392 1041 121876.802500 119999.660000
1393 1017 109542.582500 48049.730000
1394 966 54679.687500 81485.102500
1395 945 70183.972500 180547.720000
1396 946 139657.740000 10957.370000
1397 1172 111074.182500 33251.132500
1398 1043 141964.507500 99013.422500
1399 1256 113749.287500 71091.975000
1400 972 127616.387500 11000.462500
1401 1593 91585.717500 107483.887500
1402 1334 41477.647500 8557.575000
1403 1216 156137.387500 130943.230000
1404 994 44542.802500 187432.322500
1405 778 116876.210000 26499.090000
1406 974 73931.727500 154926.625000
1407 968 55596.892500 104011.907500
1408 1013 191247.010000 82308.527500
1409 899 78346.635000 45632.645000
1410 987 98664.247500 15214.752500
1411 776 67623.225000 84739.947500
1412 1103 170937.150000 155316.940000
1413 1027 5892.175000 94908.212500
1414 1055 98913.907500 159385.575000
1415 970 11233.160000 12878.325000
1416 1252 194244.397500 57249.777500
1417 709 100736.972500 22111.567500
1418 921 163649.367500 38867.912500
1419 1320 55267.282500 37266.705000
1420 964 61240.895000 84212.540000
1421 1340 51849.282500 98831.695000
1422 1495 69581.330000 81479.025000
1423 1063 26867.447500 21178.705000
1424 874 12317.902500 130258.087500
1425 1426 75492.410000 60024.175000
1426 1357 168141.690000 175066.292500
1427 1317 77083.480000 22253.387500
1428 1041 139324.880000 229.642500
1429 1086 119578.690000 169662.622500
1430 1203 62285.230000 41591.537500
1431 1178 175715.235000 27153.247500
1432 564 192478.090000 191828.622500
1433 1009 62836.587500 187915.182500
1434 903 115024.932500 59587.020000
1435 671 16464.697500 35023.910000
1436 1563 13127.227500 185927.730000
1437 863 115642.517500 518.115000
1438 951 60705.812500 23529.035000
1439 898 16878.885000 54290.435000
1440 1299 94146.557500 72617.180000
1441 1019 99314.105000 109080.115000
1442 1120 121353.015000 187983.327500
1443 1438 82243.855000 192893.997500
1444 943 70358.855000 70878.317500
1445 1337 72037.847500 140905.167500
1446 728 141197.475000 103645.075000
1447 1172 190872.792500 117117.465000
1448 1397 198731.785000 26959.842500
1449 1389 63261.525000 70240.530000
1450 1291 157238.577500 79548.500000
1451 1478 125108.835000 58422.650000
1452 967 74858.965000 119525.810000
1453 780 193631.877500 293.905000
1454 1123 72781.420000 44180.420000
1455 1531 74848.242500 72017.815000
1456 1057 65660.212500 34633.565000
1457 966 38646.685000 76258.187500
1458 1593 169113.380000 197195.775000
1459 1077 19362.475000 98105.582500
1460 1038 127365.392500 8863.727500
1461 1070 112422.767500 193725.485000
1462 1092 164513.882500 70667.865000
1463 1548 25667.872500 100689.772500
1464 815 74640.402500 102548.272500
1465 868 52923.145000 155806.490000
1466 1349 64944.305000 191230.352500
1467 962 150156.737500 190854.640000
1468 768 57252.262500 24845.465000
1469 718 185851.637500 47086.027500
1470 933 116556.227500 116039.095000
1471 1233 104197.805000 41404.650000
1472 1035 101449.952500 159602.002500
1473 1137 59054.507500 62996.195000
1474 764 56701.110000 142610.392500
1475 1489 141045.537500 86812.780000
1476 1207 52232.572500 91948.627500
1477 1148 144221.650000 11577.532500
1478 872 157772.612500 169668.827500
1479 850 165540.597500 43151.892500
1480 1009 27561.262500 129122.677500
1481 1024 168078.407500 44484.782500
1482 914 99776.435000 87048.257500
1483 1177 42586.760000 50238.685000
1484 966 54706.285000 45245.532500
1485 1454 177739.002500 60447.122500
1486 1013 170145.400000 48003.742500
1487 1355 139489.607500 45837.817500
1488 1093 63212.935000 56356.252500
1489 908 147612.610000 87151.932500
1490 1145 158711.202500 152864.945000
1491 1194 180093.162500 13097.390000
1492 1173 37665.555000 110847.780000
1493 1237 1990.695000 45022.955000
1494 1372 197258.825000 9414.642500
1495 1337 95866.242500 129590.785000
1496 908 104534.447500 64631.732500
1497 1257 108758.595000 168789.207500
1498 974 105316.050000 175835.895000
1499 1011 120540.865000 170783.660000;

end;
