data;

param numFacilities := 100;
param numCustomers := 500;

param : costs capacities facilityXs facilityYs :=
0 26047 4362 125853.097500 74966.030000
1 27225 5385 71641.207500 69828.580000
2 20927 5213 191876.700000 19256.707500
3 34745 5015 176807.660000 11436.920000
4 19906 4996 25712.630000 52753.100000
5 26061 5059 106482.312500 113163.172500
6 28065 5522 36511.027500 72945.397500
7 17180 4876 80339.182500 32591.525000
8 31473 4471 163723.997500 127208.635000
9 15739 4849 91690.295000 167469.535000
10 21671 5051 64244.240000 197576.485000
11 27829 7252 42451.235000 26645.992500
12 19381 4043 164819.737500 149347.860000
13 21626 6791 105321.980000 156279.692500
14 25492 5058 88746.315000 112394.190000
15 23431 5932 157133.875000 74630.385000
16 23439 6122 115058.955000 41036.310000
17 29333 4859 177051.142500 114608.902500
18 20514 5500 42538.877500 18619.055000
19 27130 4083 22445.365000 34472.837500
20 24158 5738 37455.785000 133800.370000
21 24945 6018 117411.125000 195679.262500
22 28870 4785 137310.262500 47076.455000
23 25143 5000 79512.605000 64196.572500
24 34012 5978 4817.930000 190400.417500
25 19678 4003 154092.307500 27916.117500
26 23595 6426 52778.772500 10574.012500
27 26484 4747 106361.135000 4003.972500
28 22233 6160 85539.290000 121246.152500
29 34064 3166 146459.790000 158078.805000
30 22480 3371 183992.587500 117056.190000
31 18084 4657 98099.692500 103758.332500
32 25521 5879 34090.085000 35143.035000
33 21695 5614 105564.470000 145984.585000
34 28349 2041 143089.447500 74498.682500
35 35673 5327 161843.422500 182409.037500
36 22455 5806 153102.815000 72132.925000
37 16339 4286 56086.212500 99096.957500
38 27227 3090 24829.130000 153309.275000
39 21634 6110 90655.580000 68638.622500
40 34926 3485 129529.457500 14749.522500
41 28723 5862 90606.512500 36302.502500
42 34138 5859 123074.140000 120535.662500
43 21725 5734 142239.147500 174935.552500
44 20498 6784 114834.955000 83547.527500
45 15160 5562 100814.672500 76586.722500
46 28252 5037 163305.692500 43387.630000
47 25453 5025 158554.905000 159673.522500
48 27735 4278 193986.047500 39878.962500
49 26758 4512 177311.870000 170230.192500
50 29602 3647 73563.050000 35023.275000
51 19134 6415 180667.272500 177935.237500
52 24497 4820 83760.355000 14181.602500
53 26774 3989 177033.250000 11638.815000
54 28137 3382 177406.190000 119963.377500
55 30039 5424 30438.867500 117726.235000
56 18107 5513 1539.057500 48320.550000
57 19180 4198 6705.507500 97142.170000
58 31552 6349 102522.657500 109991.035000
59 32180 6238 117574.792500 47471.455000
60 25066 4822 181924.372500 15391.827500
61 22033 4385 37635.225000 16380.080000
62 32436 5424 105019.267500 172284.352500
63 22220 5740 109444.027500 128907.757500
64 22193 5444 22267.405000 1611.610000
65 24679 5643 94372.862500 73807.520000
66 21556 4184 25252.245000 162912.427500
67 19244 5917 82691.512500 194554.002500
68 34355 4702 6000.810000 109708.002500
69 18537 4869 164285.680000 74041.475000
70 28763 6193 106079.845000 31325.520000
71 32250 5143 22447.907500 184962.210000
72 25778 4780 146605.210000 153896.260000
73 27677 3911 51894.737500 133186.760000
74 18468 4453 18645.127500 23674.892500
75 33206 5283 50863.512500 108077.320000
76 28640 5897 128918.105000 132136.647500
77 21298 6320 160696.972500 198449.680000
78 35238 5415 51244.797500 151808.880000
79 31131 5484 121772.745000 3073.592500
80 26400 4457 29973.632500 52053.662500
81 29135 5646 111273.890000 99215.212500
82 17745 4839 112653.512500 7990.905000
83 25178 4362 137164.667500 53258.050000
84 28828 4754 198163.815000 39606.642500
85 21892 5118 123251.105000 41762.577500
86 27064 5182 154721.810000 150118.387500
87 25082 4518 150650.140000 58571.027500
88 18862 5165 28342.635000 48532.172500
89 23189 5157 47996.960000 117877.075000
90 20740 4578 66127.872500 11347.910000
91 17135 2798 131161.902500 166478.787500
92 21391 5467 1384.627500 114613.670000
93 28144 4699 88430.432500 65229.082500
94 27561 5568 127.760000 30090.967500
95 34324 5163 112214.492500 119517.672500
96 18865 4847 128209.292500 21219.875000
97 24356 5155 46511.547500 132914.825000
98 18116 4876 177945.410000 167507.305000
99 17938 6815 13400.255000 11198.097500;

param : demands customerXs customerYs :=
0 376 36886.935000 15783.367500
1 564 170666.040000 70191.842500
2 306 1669.487500 55537.577500
3 436 167876.245000 112056.567500
4 544 56162.650000 9669.967500
5 328 97027.452500 57546.670000
6 504 72427.447500 37489.610000
7 255 126020.565000 76374.500000
8 336 128476.422500 127304.495000
9 579 24550.125000 154060.930000
10 390 44659.712500 19034.220000
11 382 102657.795000 153437.712500
12 289 162540.867500 91703.772500
13 566 169336.357500 115708.082500
14 248 33861.422500 71475.225000
15 327 180642.795000 107415.710000
16 412 69435.567500 122523.775000
17 408 179232.927500 132898.987500
18 529 190729.437500 31811.770000
19 405 27087.662500 100876.230000
20 361 141167.900000 121531.405000
21 555 169995.900000 140359.267500
22 452 166760.497500 164884.672500
23 375 21104.860000 127683.172500
24 438 36018.050000 185567.805000
25 347 38365.650000 104049.857500
26 518 77833.300000 184815.232500
27 463 27886.247500 24132.277500
28 539 193194.912500 93457.110000
29 348 32639.760000 104682.622500
30 302 89812.107500 135192.430000
31 526 177134.725000 115414.525000
32 418 72385.350000 106197.465000
33 405 65625.450000 152505.497500
34 340 167536.140000 7322.565000
35 326 48348.992500 198531.895000
36 388 128861.942500 112503.085000
37 286 67219.737500 172647.427500
38 290 42054.497500 41660.857500
39 322 154654.390000 108628.367500
40 455 2280.070000 101309.275000
41 179 82774.527500 172282.587500
42 241 79678.840000 124679.767500
43 375 40795.295000 174030.162500
44 396 98504.990000 191022.492500
45 494 156552.435000 153598.082500
46 454 191361.945000 105090.517500
47 429 3196.810000 172539.260000
48 425 189607.767500 196821.115000
49 523 168084.042500 117238.090000
50 440 126711.237500 131765.722500
51 280 17385.675000 193249.122500
52 441 79532.257500 48695.607500
53 422 159709.570000 127916.950000
54 350 111172.932500 133929.765000
55 544 94219.750000 43529.805000
56 345 72831.042500 140702.507500
57 471 59793.197500 146985.842500
58 467 77654.052500 3109.427500
59 359 112393.532500 56893.852500
60 328 189511.662500 181585.595000
61 355 93970.822500 68726.187500
62 415 67664.575000 112882.165000
63 253 178955.327500 135938.560000
64 456 66671.375000 158872.410000
65 431 21454.230000 117015.565000
66 434 161310.205000 184406.762500
67 369 87097.310000 174882.552500
68 419 38684.325000 192956.652500
69 338 134824.915000 77976.315000
70 430 117925.357500 170076.075000
71 228 178042.462500 4262.125000
72 325 158774.447500 100997.262500
73 295 140428.260000 136126.097500
74 441 81165.415000 17352.887500
75 357 126584.485000 64338.142500
76 391 177384.325000 113274.022500
77 372 81438.522500 125330.572500
78 355 128129.477500 6630.977500
79 359 140955.037500 161073.142500
80 377 163798.657500 91297.947500
81 494 29449.527500 190878.322500
82 454 84134.525000 147708.525000
83 375 10312.417500 149769.825000
84 292 33836.785000 44166.980000
85 367 192885.290000 61863.242500
86 521 89830.337500 48979.390000
87 398 140906.967500 80678.050000
88 460 36687.765000 95793.142500
89 240 59464.232500 77047.155000
90 341 153831.412500 99121.750000
91 324 188840.667500 166411.597500
92 415 56744.700000 66917.530000
93 510 170090.975000 126228.802500
94 538 101907.212500 16351.710000
95 385 158443.297500 123139.487500
96 431 192097.250000 107695.487500
97 442 126853.537500 195977.240000
98 440 188111.837500 18982.530000
99 400 89112.517500 73302.660000
100 416 125214.115000 166807.110000
101 479 137665.220000 35035.452500
102 483 54279.427500 69647.385000
103 296 1243.867500 126539.135000
104 461 35785.635000 191328.742500
105 491 20676.720000 176084.577500
106 452 123169.602500 45662.777500
107 299 99545.605000 154794.012500
108 576 189580.110000 123415.722500
109 395 196471.702500 63099.672500
110 535 198405.260000 40990.887500
111 279 35195.712500 57788.392500
112 217 80714.557500 38146.627500
113 423 102787.782500 120473.882500
114 356 86106.622500 61014.455000
115 306 61739.210000 68167.697500
116 361 41968.800000 140074.722500
117 338 172879.222500 189109.585000
118 284 24139.030000 193103.742500
119 390 31757.677500 67926.022500
120 420 67108.537500 199510.745000
121 454 93315.080000 123096.080000
122 401 49340.542500 54224.485000
123 504 62411.812500 17645.870000
124 289 185231.270000 14479.275000
125 450 66055.380000 73223.667500
126 339 114009.100000 194210.347500
127 503 22350.800000 189400.502500
128 281 173527.217500 148763.972500
129 354 23105.777500 87054.967500
130 469 89159.362500 107147.905000
131 435 146557.855000 107933.577500
132 352 77092.477500 164611.577500
133 352 135069.895000 28660.280000
134 300 8750.787500 52758.062500
135 514 0.000000 9412.432500
136 434 23713.032500 102864.910000
137 495 146689.992500 40768.305000
138 444 192632.797500 140103.637500
139 376 132030.815000 143189.892500
140 360 89330.582500 53706.792500
141 466 95510.370000 130169.665000
142 287 141709.372500 22378.527500
143 367 192674.080000 157017.455000
144 460 65218.627500 185977.280000
145 369 160450.045000 120105.975000
146 271 6674.612500 85765.717500
147 590 129297.132500 97112.937500
148 428 94265.627500 117859.195000
149 372 24557.682500 76312.177500
150 321 137268.255000 180385.105000
151 495 124404.195000 22809.085000
152 368 34749.600000 15056.760000
153 516 184513.977500 117324.895000
154 403 16661.765000 133315.910000
155 397 25140.207500 39395.795000
156 415 129271.610000 5579.950000
157 568 139494.352500 7440.142500
158 217 177953.637500 191672.272500
159 531 11959.150000 101376.887500
160 332 16016.512500 114267.070000
161 353 133314.107500 22504.785000
162 359 51456.935000 30212.332500
163 448 130021.562500 92856.502500
164 587 19246.730000 167686.335000
165 324 146815.180000 54816.917500
166 423 69976.837500 20593.390000
167 384 110440.945000 30801.542500
168 517 62139.800000 16917.970000
169 460 141634.475000 144318.485000
170 295 181716.082500 165637.905000
171 328 47144.515000 10838.142500
172 611 67038.987500 150993.512500
173 228 114678.767500 9610.825000
174 234 64857.295000 182923.100000
175 381 134859.455000 192652.445000
176 311 71487.187500 181698.180000
177 436 76483.480000 102220.957500
178 483 50958.890000 3335.510000
179 357 68923.585000 134269.830000
180 426 130309.422500 158829.597500
181 342 69391.912500 170382.140000
182 216 136032.170000 39621.757500
183 392 92894.685000 6896.440000
184 336 115291.192500 58271.302500
185 227 72645.165000 124693.797500
186 423 180723.235000 150604.225000
187 434 82079.252500 198317.650000
188 367 46438.117500 3547.915000
189 375 61002.135000 59371.347500
190 405 182447.905000 193441.767500
191 323 30626.592500 55165.845000
192 435 91919.377500 36398.135000
193 338 11781.687500 81943.050000
194 398 199870.877500 71248.930000
195 495 80785.880000 93095.640000
196 537 40318.110000 41051.662500
197 511 64995.317500 94880.565000
198 318 28423.737500 1951.647500
199 435 90198.017500 41011.500000
200 491 39771.257500 16558.357500
201 283 28679.407500 17232.475000
202 250 77362.780000 19990.625000
203 532 133653.865000 55529.962500
204 391 62221.560000 29420.002500
205 632 113309.055000 148336.355000
206 357 107368.107500 104062.880000
207 293 52154.002500 95186.725000
208 410 6398.477500 90270.612500
209 376 139529.405000 117124.867500
210 349 176527.617500 13150.272500
211 492 169321.807500 26550.572500
212 496 140502.430000 26254.210000
213 444 32247.072500 169048.915000
214 289 192721.175000 39230.822500
215 365 40589.462500 37724.282500
216 409 81083.557500 8832.737500
217 414 129931.800000 10162.152500
218 415 131860.195000 87398.710000
219 427 89230.030000 141323.715000
220 420 109078.797500 91393.370000
221 399 89969.047500 162969.562500
222 218 67074.302500 195616.035000
223 415 35986.282500 50125.730000
224 505 158801.052500 143957.292500
225 514 48846.995000 181273.047500
226 432 73920.512500 26289.057500
227 485 87490.967500 173611.347500
228 481 145423.862500 13444.840000
229 363 160203.622500 181108.665000
230 384 140026.805000 47074.957500
231 457 195206.542500 170536.587500
232 492 114173.567500 14234.117500
233 190 96528.947500 8055.472500
234 305 55318.125000 51772.155000
235 668 32775.185000 109458.552500
236 495 98113.545000 88410.702500
237 441 27526.555000 94888.535000
238 272 157948.050000 14534.070000
239 440 84140.037500 60717.497500
240 358 143874.657500 27471.852500
241 419 56403.980000 95313.150000
242 388 170388.037500 60425.045000
243 320 170075.960000 6147.525000
244 320 46314.967500 152386.152500
245 490 183713.565000 119222.617500
246 470 14150.350000 40779.735000
247 477 8704.772500 60443.977500
248 448 2720.930000 48056.180000
249 525 30487.287500 53411.077500
250 396 107962.047500 59542.642500
251 526 51649.855000 184254.190000
252 457 107597.125000 83257.595000
253 363 13341.252500 114206.070000
254 381 189398.990000 77809.430000
255 348 18437.625000 166002.667500
256 295 72662.857500 54479.897500
257 501 184091.035000 45.975000
258 434 111494.915000 94757.912500
259 426 155255.225000 64897.825000
260 403 41319.222500 120514.987500
261 408 124600.337500 142238.332500
262 486 93426.285000 119288.675000
263 377 150331.675000 66291.167500
264 459 141349.045000 9305.605000
265 390 168349.420000 199922.682500
266 498 18941.442500 107893.775000
267 366 33212.635000 19471.270000
268 303 197817.180000 174877.652500
269 223 307.502500 161718.645000
270 414 174227.520000 99105.950000
271 387 188385.725000 106715.957500
272 378 56267.130000 22165.105000
273 413 83041.602500 119857.000000
274 357 124699.465000 28231.185000
275 417 28755.362500 54436.807500
276 444 121731.192500 151304.865000
277 475 132303.465000 38376.530000
278 407 56190.095000 10923.617500
279 360 187703.770000 9006.720000
280 414 55881.552500 109890.075000
281 396 62949.785000 86631.850000
282 375 183010.867500 12186.227500
283 300 61432.970000 6723.435000
284 452 14278.265000 76869.710000
285 445 6859.985000 61749.065000
286 285 38193.285000 24792.155000
287 407 81341.775000 169387.012500
288 463 38561.032500 196767.155000
289 363 124267.205000 123096.030000
290 466 171921.407500 156333.700000
291 463 176174.892500 31917.272500
292 363 34816.435000 107476.465000
293 447 112360.622500 79449.770000
294 433 162668.335000 181860.082500
295 549 175348.660000 11281.355000
296 413 159119.932500 81518.105000
297 346 1711.062500 54338.382500
298 362 9512.887500 169666.602500
299 407 41717.535000 50591.320000
300 456 17267.782500 37364.292500
301 476 167782.140000 49943.965000
302 466 77679.682500 70225.802500
303 505 68315.380000 145631.390000
304 456 65047.050000 41005.647500
305 498 158963.437500 1444.702500
306 369 11688.145000 130649.977500
307 359 117709.255000 152793.780000
308 350 40799.430000 87972.467500
309 353 199491.175000 155374.852500
310 337 58426.570000 163808.750000
311 400 66226.860000 61334.712500
312 516 129334.745000 55903.457500
313 281 68600.612500 58432.835000
314 385 45711.980000 112048.662500
315 325 123635.695000 8221.650000
316 473 168707.455000 53607.155000
317 442 6655.567500 136031.910000
318 529 152975.352500 98129.410000
319 351 442.057500 140023.887500
320 566 130478.737500 35778.260000
321 552 41726.745000 77525.577500
322 433 107680.312500 28553.697500
323 554 71724.130000 139691.970000
324 483 65439.817500 39225.552500
325 422 81117.800000 188778.337500
326 392 3691.275000 168675.302500
327 334 111472.892500 1601.515000
328 481 175934.470000 30293.735000
329 427 67332.035000 87140.850000
330 480 101015.782500 69349.002500
331 347 128947.045000 100546.980000
332 336 30515.597500 173662.822500
333 357 40154.707500 39244.615000
334 446 25934.775000 174741.822500
335 467 197913.247500 176886.070000
336 358 62310.660000 80027.677500
337 508 107337.722500 190380.375000
338 463 120121.312500 98175.540000
339 472 9226.877500 148066.642500
340 350 139647.917500 27413.240000
341 505 92024.935000 185993.945000
342 340 109564.095000 179049.415000
343 274 100209.197500 85842.317500
344 300 144487.747500 118289.692500
345 480 118031.927500 132077.150000
346 476 35648.700000 122397.307500
347 418 145076.190000 151948.035000
348 423 12100.852500 27548.050000
349 381 104824.160000 183966.725000
350 508 73264.510000 180895.557500
351 330 97209.627500 26391.655000
352 327 55233.292500 54585.497500
353 333 43222.892500 146343.815000
354 225 43697.785000 89339.185000
355 302 148652.177500 151423.277500
356 434 72769.527500 97204.370000
357 463 152342.105000 135182.315000
358 483 105197.425000 42997.690000
359 430 32753.457500 3911.762500
360 469 164145.897500 69714.852500
361 253 39132.735000 79707.290000
362 552 164107.290000 86554.172500
363 447 121460.485000 34299.370000
364 287 75382.782500 197852.442500
365 274 120788.447500 27350.957500
366 454 107699.037500 197486.292500
367 369 185690.562500 112928.280000
368 300 2299.200000 22300.480000
369 317 100515.697500 68039.455000
370 291 91213.130000 46714.312500
371 394 10125.550000 156095.595000
372 390 110372.972500 82007.462500
373 438 33075.907500 159032.007500
374 521 134464.827500 139718.807500
375 486 29236.027500 60449.650000
376 459 77084.720000 96471.975000
377 503 34412.055000 5294.072500
378 407 161270.110000 42652.360000
379 406 130806.695000 153805.870000
380 327 131466.942500 63715.675000
381 387 106483.085000 106738.870000
382 532 138645.997500 21697.712500
383 368 180093.730000 159116.510000
384 489 167062.940000 165637.222500
385 375 184690.812500 110925.940000
386 363 53960.070000 54526.440000
387 322 44847.435000 150246.235000
388 440 112680.810000 62722.277500
389 387 134546.780000 49158.822500
390 530 108403.865000 168157.367500
391 418 9782.670000 47008.540000
392 422 45224.535000 46690.742500
393 361 140347.327500 64229.980000
394 543 156353.725000 20706.472500
395 403 89850.175000 182342.930000
396 407 175038.735000 174959.432500
397 540 32849.675000 28404.187500
398 414 95258.790000 167193.415000
399 326 51424.650000 171231.142500
400 300 126226.990000 81906.330000
401 479 128833.680000 15735.987500
402 402 111973.000000 190281.332500
403 505 158228.352500 140144.917500
404 350 8908.680000 102064.335000
405 455 144115.327500 26554.320000
406 413 105417.092500 59960.210000
407 412 10938.665000 119045.075000
408 414 164949.902500 135665.670000
409 325 175371.152500 193922.807500
410 398 42351.692500 36080.105000
411 354 20413.530000 27876.352500
412 435 33555.722500 27073.310000
413 391 1970.577500 133081.545000
414 504 55872.055000 114807.157500
415 484 152516.760000 53908.815000
416 386 190832.915000 117475.480000
417 517 89298.902500 87111.317500
418 346 92706.482500 21847.667500
419 561 135992.982500 99361.282500
420 527 142867.062500 33506.475000
421 486 14675.065000 130195.140000
422 231 185662.995000 110743.775000
423 349 83839.695000 64782.890000
424 401 27619.462500 193414.520000
425 464 143260.050000 153157.197500
426 376 82877.410000 2368.942500
427 433 24515.275000 93286.780000
428 416 69001.540000 119062.992500
429 502 133971.552500 158180.587500
430 435 146246.272500 98009.545000
431 504 152682.585000 180657.012500
432 467 155567.270000 22170.432500
433 510 15524.915000 164027.410000
434 372 107265.077500 44778.965000
435 529 196509.765000 16053.970000
436 278 91193.435000 68956.217500
437 382 150004.597500 166417.085000
438 451 111126.127500 103036.825000
439 513 199494.275000 123260.787500
440 230 13202.695000 169759.892500
441 416 29613.620000 130155.790000
442 387 138220.442500 51286.740000
443 401 4233.855000 104653.847500
444 386 76065.670000 48114.155000
445 419 80053.880000 95252.950000
446 401 197293.922500 12289.172500
447 327 4816.802500 190513.612500
448 294 182413.460000 109590.705000
449 347 12983.322500 136469.065000
450 203 84801.265000 56324.065000
451 418 176325.140000 198255.537500
452 468 150273.362500 190937.242500
453 358 117656.282500 25138.630000
454 224 76493.975000 168551.035000
455 403 59980.927500 169680.247500
456 335 35.160000 142142.550000
457 288 187393.222500 62264.147500
458 345 17724.427500 96498.020000
459 383 181392.945000 64859.200000
460 430 114969.595000 160656.482500
461 548 178394.320000 114474.357500
462 290 245.645000 189357.805000
463 433 145464.772500 140632.175000
464 398 197135.200000 176984.062500
465 321 81994.560000 10643.920000
466 473 67488.605000 155361.487500
467 395 79148.787500 132430.790000
468 328 96746.402500 29531.150000
469 575 4987.797500 61754.497500
470 341 25639.172500 119254.007500
471 393 152597.252500 57799.990000
472 419 197524.260000 143971.007500
473 534 20308.537500 75561.065000
474 384 185005.762500 36881.465000
475 425 72729.070000 132747.552500
476 400 64050.870000 90101.570000
477 454 98302.315000 156516.447500
478 484 102430.920000 110111.040000
479 288 127457.172500 51938.337500
480 409 96111.895000 3486.102500
481 432 178911.310000 25654.540000
482 345 17250.660000 88387.992500
483 524 123477.227500 159315.365000
484 501 143412.035000 116386.780000
485 385 164895.587500 82599.407500
486 357 120480.125000 54025.422500
487 314 179421.612500 161125.735000
488 435 83941.630000 172490.947500
489 364 146794.002500 56574.105000
490 362 100352.092500 51639.830000
491 415 81953.665000 78434.470000
492 408 34348.977500 66464.022500
493 367 58211.300000 111363.777500
494 612 29546.227500 4565.555000
495 512 187337.447500 130769.745000
496 481 157683.102500 157032.425000
497 454 85940.935000 136894.642500
498 445 96005.905000 88748.100000
499 373 29374.900000 118011.822500;

end;
