data;

param numFacilities := 100;
param numCustomers := 100;

param : costs capacities facilityXs facilityYs :=
0 178 315 32.921612 32.921612
1 163 315 28.489439 35.228174
2 216 315 29.975804 34.002695
3 256 315 27.250858 39.175696
4 198 315 21.117501 46.550991
5 193 315 32.718446 31.008901
6 161 315 21.886108 40.601098
7 203 315 32.196476 32.882530
8 156 315 34.620288 31.171857
9 192 315 24.250910 37.419500
10 228 315 31.036392 34.395381
11 101 315 34.235221 30.844394
12 237 315 34.002808 34.928796
13 149 315 27.028117 34.405525
14 134 315 22.927866 39.474899
15 224 315 23.260875 42.110224
16 134 315 21.706721 40.038770
17 185 315 23.281713 39.343614
18 228 315 26.063120 39.072883
19 143 315 25.829914 35.297229
20 130 315 23.827582 37.123697
21 124 315 37.304162 30.265629
22 162 315 23.046496 38.047900
23 196 315 20.429019 47.991841
24 146 315 38.249885 31.516431
25 204 315 24.264984 39.775657
26 237 315 31.365204 34.230776
27 150 315 22.936967 37.590317
28 54 315 23.015772 35.979628
29 79 315 23.159332 36.045535
30 192 315 23.715835 38.239350
31 300 315 34.118229 34.829386
32 186 315 21.489235 42.117795
33 171 315 25.003383 36.311289
34 161 315 23.485752 39.127171
35 211 315 30.240839 34.199794
36 236 315 29.384767 33.509627
37 124 315 33.378244 31.940912
38 171 315 22.127077 40.216717
39 188 315 26.773112 35.449663
40 167 315 28.368061 34.311492
41 233 315 22.620565 46.796783
42 63 315 23.062460 35.487339
43 199 315 33.782620 33.230242
44 271 315 32.102985 36.175758
45 71 315 23.249977 36.991446
46 163 315 38.878756 30.936263
47 206 315 23.302873 40.611823
48 219 315 33.904599 32.162992
49 150 315 21.205046 41.677718
50 89 315 20.536660 41.287705
51 155 315 26.068109 34.767910
52 195 315 21.250147 40.360829
53 116 315 23.075174 37.805285
54 148 315 29.043487 32.043988
55 182 315 20.766872 44.623701
56 122 315 25.645486 34.877127
57 113 315 21.363091 39.650946
58 160 315 22.423723 40.317683
59 175 315 36.702482 32.267275
60 222 315 24.517241 37.676134
61 168 315 23.276234 38.580107
62 172 315 22.016057 39.677374
63 142 315 28.203915 33.313361
64 89 315 31.169084 29.806680
65 244 315 28.285961 37.276821
66 118 315 29.277544 31.937371
67 119 315 37.907026 29.685595
68 50 315 24.345956 32.449366
69 252 315 26.305819 39.033829
70 207 315 32.455354 33.008876
71 140 315 37.862104 29.927190
72 101 315 22.135827 36.801510
73 134 315 31.495462 32.562545
74 201 315 21.093587 41.398274
75 219 315 30.310463 34.853358
76 255 315 26.746776 35.885888
77 185 315 33.939402 30.702396
78 216 315 25.217964 40.092125
79 89 315 26.316729 34.113378
80 262 315 37.813558 34.631804
81 152 315 22.572750 40.059670
82 190 315 28.703953 33.741928
83 243 315 30.651293 34.445259
84 258 315 35.959307 33.570184
85 147 315 21.115959 39.474072
86 221 315 36.549250 32.008248
87 199 315 29.459080 33.647831
88 227 315 35.140788 32.551788
89 174 315 24.531703 38.806625
90 141 315 20.564418 40.466627
91 107 315 17.965897 45.332180
92 222 315 31.839180 32.829391
93 207 315 31.307244 32.930891
94 238 315 25.434610 39.108659
95 272 315 30.766582 35.484030
96 217 315 32.162373 34.330903
97 158 315 26.702981 35.171713
98 179 315 33.512116 31.060411
99 132 315 28.658949 33.324606;

param : demands customerXs customerYs :=
0 3 36.955881 51.976625
1 2 33.950168 44.475658
2 3 39.333332 50.587508
3 5 47.924578 61.008790
4 5 42.734438 62.848599
5 1 29.200157 38.340942
6 5 32.943278 67.671008
7 2 32.892058 45.755518
8 1 29.185744 38.135135
9 3 33.872464 52.934172
10 2 35.373202 43.957451
11 5 44.634703 7.257466
12 5 52.452070 55.242888
13 2 33.980976 45.583995
14 3 39.621787 50.444904
15 1 29.810787 38.135022
16 2 33.202336 44.561738
17 1 29.547869 38.576753
18 2 34.767704 45.043198
19 1 29.444993 38.374925
20 2 34.316301 45.746179
21 4 46.404656 53.647511
22 3 36.065933 52.273002
23 3 37.165524 50.311409
24 2 34.194483 45.702718
25 3 39.806589 49.660539
26 5 47.450587 59.908653
27 5 60.816566 35.955535
28 5 17.743117 5.937082
29 2 34.442889 45.451047
30 3 36.524186 51.371780
31 5 30.329654 68.706379
32 1 29.420791 38.544447
33 4 30.120568 61.101369
34 5 49.842777 58.771297
35 5 40.014678 63.300747
36 5 42.210689 62.124724
37 2 34.933844 45.183691
38 1 29.119832 38.284326
39 4 34.365477 60.959960
40 3 39.930678 48.871986
41 1 29.068149 38.096733
42 2 34.714072 44.974275
43 3 35.750530 51.072771
44 3 39.878092 48.150282
45 2 33.517130 46.296747
46 2 32.198446 45.732353
47 2 33.222421 45.664272
48 4 45.217336 54.123363
49 5 58.397291 46.868825
50 3 38.636762 51.067431
51 2 34.939734 45.239871
52 1 29.515170 38.317493
53 4 46.621808 51.419428
54 4 42.454941 57.539073
55 4 45.797830 50.394455
56 5 59.275063 41.465979
57 1 28.932591 38.195160
58 3 38.793678 49.323769
59 2 34.268988 43.694499
60 3 41.518829 50.896176
61 3 38.457756 51.130800
62 5 36.619003 64.878080
63 1 29.493531 37.599141
64 5 0.000000 26.341216
65 1 29.476270 38.555015
66 1 29.228713 37.892147
67 4 43.507342 56.161764
68 2 35.302926 44.272315
69 4 38.162633 57.535924
70 4 42.157600 57.202634
71 4 49.052806 52.304883
72 5 56.862925 46.908557
73 2 34.839386 45.515638
74 5 44.276532 62.424406
75 1 29.465418 38.362584
76 3 40.559310 50.055822
77 4 41.806487 56.323762
78 5 40.405976 63.109721
79 4 42.368889 56.437962
80 2 33.397242 46.269170
81 4 46.180194 55.284047
82 5 57.533543 45.503843
83 5 40.934200 62.100723
84 5 51.621961 55.719270
85 5 33.502262 68.160602
86 1 29.518736 38.889060
87 1 29.175682 38.190246
88 3 38.395704 50.595380
89 4 28.602014 61.289186
90 5 41.162096 64.517438
91 3 35.030095 51.674295
92 4 33.963191 60.287396
93 4 37.824449 57.654396
94 3 36.533754 52.039185
95 1 29.626731 38.228665
96 5 55.825395 51.382233
97 4 45.595871 51.149867
98 1 29.602822 38.282051
99 5 49.386318 60.101267;

end;
