data;

param numFacilities := 200;
param numCustomers := 1600;

param : costs capacities facilityXs facilityYs :=
0 58965 4569 74740.587500 71349.050000
1 62655 3954 72087.097500 42074.170000
2 55984 5305 89306.690000 35428.902500
3 62196 5733 27422.335000 37131.035000
4 58669 4604 97812.925000 66473.757500
5 57578 4236 78950.327500 6592.352500
6 64478 6179 11436.020000 62866.152500
7 63898 4791 43830.930000 21285.942500
8 62463 4949 19946.232500 63432.995000
9 59041 5414 15163.155000 68937.350000
10 57692 7242 76597.932500 73948.022500
11 59434 5117 20473.932500 34519.997500
12 67264 4839 99065.492500 72183.902500
13 62577 5549 76924.677500 43037.345000
14 60950 3345 95039.125000 27818.535000
15 57007 4106 47790.280000 22439.377500
16 64293 4927 99437.362500 96033.305000
17 60615 5551 79860.757500 65604.517500
18 56282 5160 32592.060000 39174.390000
19 62719 4949 48475.675000 45568.187500
20 54851 5447 1358.025000 82506.857500
21 62463 4913 57194.612500 14054.727500
22 55214 6009 303.715000 17752.207500
23 63406 3876 15468.097500 103.122500
24 64862 4218 53537.180000 82109.142500
25 62221 4430 76231.145000 57643.675000
26 56412 4049 17384.592500 76262.367500
27 59434 3515 75718.285000 93699.725000
28 61366 5049 73233.205000 38624.420000
29 57534 5263 21872.852500 6267.817500
30 59381 5213 66368.790000 86298.167500
31 60455 5388 6609.340000 7552.615000
32 52805 4913 11715.840000 3965.870000
33 58604 6256 18255.677500 12479.537500
34 62646 4207 34497.930000 81721.510000
35 62750 4714 73815.200000 62052.852500
36 61407 6133 23266.670000 3644.272500
37 61229 5631 36430.160000 669.977500
38 58375 4913 74098.230000 14095.377500
39 59624 4371 91678.087500 23511.575000
40 63810 5119 63413.547500 56514.565000
41 63814 4191 83216.597500 72160.110000
42 61490 4170 27544.432500 97249.422500
43 57288 5395 8686.982500 24929.685000
44 65810 4815 87237.100000 69627.292500
45 57379 5767 35681.492500 18283.602500
46 59210 5701 84192.957500 69433.992500
47 63030 4941 12369.382500 48682.685000
48 61696 6276 36470.382500 25451.670000
49 57542 4492 86792.262500 71276.192500
50 57660 4459 52687.662500 91678.425000
51 54604 5153 53711.307500 96540.227500
52 62252 4323 39318.135000 65278.080000
53 58496 3567 32524.610000 38471.137500
54 57171 4892 75823.930000 98551.817500
55 61660 5153 37453.300000 63546.500000
56 59627 5421 54727.620000 53113.420000
57 61732 4491 4566.912500 19044.700000
58 63789 3877 966.897500 70543.192500
59 67087 4243 38644.580000 2000.680000
60 63579 3692 47989.617500 80837.515000
61 57981 5530 16112.152500 67596.820000
62 57287 4584 24286.067500 7531.010000
63 55472 5163 62894.805000 70502.705000
64 64955 5339 15015.425000 43306.940000
65 57613 4434 84989.910000 66536.437500
66 58640 3813 44891.620000 19092.050000
67 64193 5811 53218.397500 88355.197500
68 54354 5667 56357.025000 95954.277500
69 66819 5747 30345.122500 68544.170000
70 58765 5449 45035.252500 55633.530000
71 58034 6007 4889.057500 97453.857500
72 59358 4437 88598.835000 71136.627500
73 59431 5671 38106.492500 39385.402500
74 59901 4092 60849.265000 77324.672500
75 60675 3865 63416.322500 80656.905000
76 55708 4010 47620.117500 69794.090000
77 65743 4498 97146.237500 80510.430000
78 62400 6928 28022.480000 48940.380000
79 60942 5378 75754.092500 95986.640000
80 64188 5171 21429.250000 71483.602500
81 62898 3122 63184.020000 21303.395000
82 61109 5269 52421.237500 63193.467500
83 59464 5882 57204.870000 60410.880000
84 62947 4332 50161.535000 63829.790000
85 59005 3363 78531.257500 99147.117500
86 62855 5003 57570.555000 66524.595000
87 66008 5305 42561.835000 95634.607500
88 59968 5988 88225.712500 90010.187500
89 55570 3719 52218.812500 39681.337500
90 58814 5121 66616.975000 16764.027500
91 56388 5596 49752.685000 51042.322500
92 59905 5819 29135.040000 2895.097500
93 57873 4724 78306.065000 12770.552500
94 62943 5823 5581.555000 78240.020000
95 52403 4912 99584.482500 66095.445000
96 60474 5139 15134.377500 43612.660000
97 59207 4559 20895.072500 60183.105000
98 61489 4391 85514.957500 72401.757500
99 59082 5008 14308.205000 70213.315000
100 60464 5517 76763.190000 99275.855000
101 62315 6275 27417.335000 35142.095000
102 56675 5249 36631.362500 95927.855000
103 59426 4795 82824.035000 68040.870000
104 64009 4379 44106.450000 27076.260000
105 58153 5407 12025.115000 61016.542500
106 62522 4737 7004.547500 88156.175000
107 59307 5316 31574.070000 55939.975000
108 60133 4368 14102.745000 61324.617500
109 59340 3722 44391.032500 3703.147500
110 59063 5315 94945.815000 74852.015000
111 62481 5057 35669.612500 20222.325000
112 57524 5909 37446.170000 8111.267500
113 59324 4442 24874.385000 40614.530000
114 60505 4839 32910.142500 78649.840000
115 60254 6224 74862.722500 73374.462500
116 57430 5552 97218.345000 85042.310000
117 64864 4150 9291.915000 17555.067500
118 59336 4423 76105.950000 10372.545000
119 58625 4383 10475.137500 68654.607500
120 58743 4264 82832.652500 63454.845000
121 63792 5297 67796.042500 59073.982500
122 60966 6678 92254.182500 54509.192500
123 62063 5092 57583.880000 32918.897500
124 60984 5217 45467.752500 44315.570000
125 62565 4517 58760.705000 12444.255000
126 60823 4758 39057.615000 5240.362500
127 61379 5592 99814.647500 66621.237500
128 59258 4687 11563.062500 64210.270000
129 58287 5547 7347.362500 83815.785000
130 63340 6372 37678.227500 81170.795000
131 63905 4999 3927.902500 63562.442500
132 59833 5028 18372.445000 2314.320000
133 58299 5341 56445.237500 20176.070000
134 59560 4300 82840.762500 90977.587500
135 54191 4334 74154.382500 91142.935000
136 57448 4856 60435.597500 73.862500
137 70386 6567 68234.750000 25754.695000
138 59364 5841 14556.480000 398.085000
139 61707 4921 45350.430000 6715.132500
140 59021 5953 66302.342500 67452.117500
141 56793 4540 6216.317500 61905.915000
142 58796 4588 46528.317500 52223.142500
143 58138 5216 58774.225000 44621.220000
144 61469 5123 46027.417500 91333.902500
145 62559 5875 51481.482500 83386.752500
146 59275 4026 57482.575000 61149.622500
147 59811 6584 86302.065000 61991.215000
148 59929 5963 14309.925000 84785.802500
149 60879 5254 20905.702500 33215.147500
150 57020 4982 80038.157500 69681.065000
151 63188 3500 22504.252500 5839.815000
152 58599 5111 54386.725000 49126.472500
153 64654 4875 49023.880000 65925.797500
154 63552 5625 46295.800000 56064.927500
155 59306 4718 59930.365000 51054.722500
156 59381 5630 81756.955000 11853.175000
157 60106 5531 87971.355000 24185.167500
158 59278 4631 7785.362500 78871.355000
159 59349 5385 61248.585000 28014.317500
160 57145 5010 49449.675000 73996.010000
161 57638 4855 74845.145000 76957.632500
162 55482 4796 33636.547500 1400.402500
163 55174 5073 54271.770000 9683.817500
164 63650 4324 77219.150000 79115.915000
165 56541 4379 34963.870000 97694.335000
166 61441 5067 45166.652500 44079.972500
167 63539 4702 7618.222500 22697.287500
168 56980 5387 86191.392500 60724.675000
169 60520 6591 6224.675000 89538.255000
170 58909 4632 81295.420000 71620.725000
171 58260 4797 51660.840000 57844.622500
172 60188 5032 51193.030000 44046.825000
173 57024 5789 67388.212500 9297.052500
174 63533 4613 82194.110000 2526.997500
175 59354 5601 73929.205000 41472.485000
176 63508 4964 30309.197500 60609.747500
177 63410 5114 9724.670000 5553.385000
178 59821 4979 7451.740000 83045.215000
179 60982 5688 58176.177500 13203.295000
180 59119 5341 48413.475000 86229.582500
181 58893 7288 47260.062500 38286.677500
182 59676 5473 1492.612500 65920.392500
183 53606 6127 43671.535000 46643.392500
184 59168 5085 16970.125000 66802.470000
185 58081 6044 26399.610000 1455.025000
186 63944 4407 8357.865000 79065.472500
187 61740 6003 38106.420000 64715.957500
188 58645 4323 17618.007500 28738.067500
189 52197 5467 78386.215000 5689.530000
190 58486 5214 76663.080000 22360.155000
191 63048 3878 63566.410000 91555.767500
192 58067 4933 28221.420000 48713.037500
193 62648 5388 88345.615000 28311.052500
194 60750 4590 36655.357500 23426.980000
195 63450 3606 30300.927500 79169.685000
196 56447 4588 51093.345000 1968.960000
197 58261 4409 40895.595000 92560.130000
198 60100 5564 90327.475000 81859.325000
199 58856 4316 82699.830000 53168.170000;

param : demands customerXs customerYs :=
0 389 69921.280000 66658.855000
1 321 72843.007500 77228.307500
2 288 21303.572500 25056.255000
3 370 33509.420000 79923.682500
4 380 2600.247500 63461.982500
5 374 38596.917500 36339.720000
6 441 16087.632500 1441.825000
7 406 29680.757500 1176.280000
8 391 53490.865000 71937.042500
9 425 28340.225000 82861.590000
10 511 29727.915000 1968.777500
11 336 37398.340000 83010.027500
12 346 95498.275000 78077.892500
13 533 737.030000 68834.817500
14 271 52983.517500 74772.692500
15 533 73341.267500 81531.660000
16 364 19188.217500 8579.995000
17 324 97651.430000 21658.980000
18 341 92583.902500 10518.067500
19 385 89902.242500 28140.840000
20 464 16379.110000 49146.570000
21 389 31124.725000 60318.662500
22 371 25431.127500 22653.007500
23 298 22608.485000 11420.987500
24 264 12900.732500 95113.757500
25 357 29226.977500 28277.200000
26 325 95277.855000 68719.687500
27 343 62572.815000 64115.362500
28 406 39354.467500 61274.617500
29 441 75422.687500 8133.695000
30 394 81589.265000 9368.730000
31 286 80714.407500 54777.902500
32 325 7716.455000 57396.727500
33 414 49466.112500 26651.167500
34 297 99604.215000 32989.995000
35 450 54226.450000 81462.552500
36 372 83851.035000 66911.832500
37 431 21024.875000 603.317500
38 404 62354.925000 19624.860000
39 319 74637.157500 14131.007500
40 429 82291.545000 82949.187500
41 360 90463.192500 53132.762500
42 311 23736.460000 88512.630000
43 487 5344.672500 12629.650000
44 290 56745.525000 17961.972500
45 324 80827.047500 17018.887500
46 414 84751.072500 17708.360000
47 400 56789.652500 31975.857500
48 366 91539.197500 95928.292500
49 290 78619.617500 82411.827500
50 360 63932.950000 75287.032500
51 402 94933.197500 13681.775000
52 350 61047.462500 32406.845000
53 381 58634.925000 12935.725000
54 483 69866.627500 39078.307500
55 369 70567.092500 79706.217500
56 364 1216.657500 32976.327500
57 270 78799.510000 49207.320000
58 291 7297.165000 44097.685000
59 290 48816.470000 53226.007500
60 318 72564.722500 78505.122500
61 310 16467.350000 85696.270000
62 288 67557.385000 98962.582500
63 361 50269.397500 50759.645000
64 342 31774.042500 5291.530000
65 395 33820.185000 95502.077500
66 297 30275.547500 53057.185000
67 243 62357.130000 51165.470000
68 307 74561.832500 26750.610000
69 465 43474.200000 56389.925000
70 353 20352.430000 81940.347500
71 404 40988.687500 83697.742500
72 419 29097.592500 80588.260000
73 363 10174.090000 55888.987500
74 216 36389.492500 307.932500
75 457 59742.612500 23533.400000
76 146 44541.505000 27354.065000
77 348 50792.155000 38775.047500
78 398 25594.560000 83432.560000
79 501 9794.965000 21081.227500
80 424 67973.350000 2831.680000
81 381 83447.377500 23295.882500
82 330 87366.365000 29307.527500
83 241 70736.482500 13434.840000
84 256 49352.425000 16408.207500
85 392 60342.175000 3060.957500
86 443 73234.855000 76755.140000
87 400 36240.347500 83482.617500
88 420 90895.630000 88856.987500
89 296 18504.410000 63387.727500
90 383 19559.645000 89079.372500
91 338 3114.337500 738.945000
92 449 13987.307500 27642.877500
93 316 48794.862500 81119.175000
94 410 64012.115000 39281.127500
95 277 71044.835000 80633.640000
96 526 23401.477500 67973.582500
97 369 25329.510000 88772.280000
98 262 45510.847500 88616.065000
99 367 55689.740000 26855.760000
100 420 8684.760000 82497.637500
101 357 56183.175000 26804.942500
102 311 69827.262500 91746.605000
103 320 73952.550000 18389.887500
104 320 27859.210000 24246.585000
105 426 85200.955000 14359.580000
106 545 48999.217500 93292.085000
107 207 47442.205000 56937.522500
108 356 56677.495000 29421.485000
109 389 93641.792500 55510.617500
110 353 24122.255000 96809.527500
111 476 48195.407500 72077.005000
112 406 91947.870000 67181.317500
113 421 26216.065000 16600.390000
114 450 93445.352500 79331.872500
115 240 80576.297500 97991.352500
116 339 61038.117500 7900.980000
117 288 48628.675000 19461.760000
118 452 35024.092500 58851.820000
119 426 86349.612500 29440.590000
120 350 30483.695000 66183.057500
121 387 95127.042500 79269.585000
122 154 98785.575000 94064.990000
123 400 24949.615000 49569.332500
124 384 13924.422500 31920.965000
125 339 52085.425000 50400.570000
126 306 99812.577500 71602.602500
127 315 8000.085000 83921.282500
128 313 13162.885000 48804.965000
129 347 36443.365000 29695.090000
130 404 74175.320000 15409.875000
131 381 30194.560000 67862.660000
132 304 49420.097500 73737.155000
133 527 55247.000000 36711.530000
134 468 93784.705000 41141.790000
135 234 56537.020000 90492.682500
136 415 23728.600000 17286.400000
137 380 80569.152500 68067.785000
138 530 26587.072500 41512.167500
139 466 2391.887500 85194.335000
140 329 59809.695000 81798.315000
141 443 21888.160000 57690.915000
142 449 30636.360000 62893.507500
143 392 68025.262500 8068.432500
144 415 97350.040000 30188.525000
145 256 71948.805000 52724.505000
146 407 30711.190000 63249.230000
147 316 22179.922500 41335.637500
148 438 46278.900000 95590.245000
149 409 41094.625000 1595.212500
150 366 69311.540000 23192.592500
151 273 84096.090000 91690.210000
152 409 32491.287500 56983.695000
153 344 24567.685000 34739.215000
154 319 24593.152500 98638.617500
155 496 12054.422500 3138.570000
156 406 51994.507500 79978.700000
157 433 5958.317500 33062.775000
158 299 25202.127500 19097.165000
159 419 60558.422500 16618.655000
160 300 33246.620000 57991.077500
161 247 83001.867500 90556.672500
162 460 84619.322500 71264.935000
163 493 3472.867500 93962.327500
164 398 43743.045000 89108.325000
165 405 5628.035000 40414.927500
166 246 21028.037500 69709.227500
167 279 53765.300000 55944.287500
168 348 65314.117500 68153.945000
169 492 61171.877500 89298.917500
170 468 83236.177500 99142.500000
171 540 20625.780000 29772.995000
172 315 66321.385000 89537.037500
173 403 2120.457500 35651.105000
174 403 23060.235000 4917.735000
175 427 67009.805000 68641.830000
176 347 98325.062500 64209.540000
177 265 51076.955000 36789.632500
178 375 13308.157500 22273.915000
179 413 93338.637500 66700.772500
180 468 84819.972500 69874.397500
181 445 99245.467500 74387.632500
182 241 23011.560000 94642.772500
183 363 12550.055000 75222.880000
184 326 63510.532500 64685.225000
185 432 71788.375000 52964.852500
186 415 78355.582500 91439.735000
187 410 11275.200000 53544.735000
188 465 25988.602500 78633.325000
189 237 60713.820000 53968.950000
190 284 68978.967500 52355.220000
191 572 90289.970000 36297.077500
192 377 15847.807500 64429.077500
193 318 79083.462500 96224.342500
194 386 89227.055000 97459.405000
195 362 22369.787500 64481.087500
196 360 41894.042500 69890.542500
197 355 39516.400000 77369.372500
198 286 67393.462500 48041.152500
199 410 28900.672500 21559.025000
200 387 84807.967500 14737.460000
201 290 6754.495000 17639.140000
202 266 83968.810000 40234.402500
203 401 67105.162500 31892.827500
204 372 57589.765000 59456.727500
205 392 46790.965000 94510.425000
206 398 2575.922500 27873.615000
207 459 62687.237500 9730.357500
208 349 76247.212500 57881.607500
209 482 79504.712500 26361.927500
210 382 38965.372500 61526.250000
211 438 8133.722500 11910.155000
212 399 90740.615000 53923.680000
213 508 57032.237500 41201.265000
214 358 62780.267500 12719.525000
215 351 67807.710000 86856.760000
216 421 37749.705000 48614.805000
217 296 49173.557500 40697.742500
218 398 92267.222500 61173.422500
219 316 87635.067500 71378.232500
220 445 18915.147500 67403.082500
221 445 96033.132500 49246.415000
222 293 63400.457500 47121.922500
223 359 31145.090000 80842.790000
224 278 89763.722500 27448.290000
225 455 38834.267500 51814.345000
226 422 85789.715000 48169.525000
227 304 84615.677500 892.177500
228 363 58017.130000 37557.890000
229 289 85712.455000 56089.270000
230 404 81492.335000 51815.810000
231 341 46903.412500 26859.050000
232 378 29121.345000 47437.262500
233 348 49446.042500 94301.695000
234 365 10098.255000 20721.955000
235 327 55971.315000 80257.070000
236 425 334.115000 47428.627500
237 471 6200.882500 57439.115000
238 364 47102.857500 7570.225000
239 355 82159.842500 54502.335000
240 432 45197.775000 3366.045000
241 461 71312.362500 61026.632500
242 380 56292.280000 71343.315000
243 391 65990.297500 52642.030000
244 361 14345.947500 36441.175000
245 388 59606.377500 43314.347500
246 450 50185.025000 98961.087500
247 230 31182.337500 66174.090000
248 400 1994.170000 12131.835000
249 301 23442.427500 70292.120000
250 356 13237.190000 0.000000
251 323 71632.305000 81504.220000
252 362 26805.262500 34993.287500
253 285 27692.535000 60176.410000
254 270 75121.637500 41219.517500
255 362 29970.977500 57010.035000
256 437 87252.730000 1285.872500
257 265 78091.480000 13200.915000
258 443 22853.587500 81092.615000
259 413 69888.817500 8249.835000
260 388 37263.587500 15276.690000
261 367 12633.400000 79995.697500
262 492 10169.777500 86154.435000
263 419 5503.802500 95009.765000
264 381 30446.615000 56587.517500
265 262 87036.957500 40761.897500
266 418 57653.630000 47357.637500
267 334 84952.437500 48912.880000
268 374 90521.795000 76685.140000
269 412 9149.572500 82066.495000
270 400 23298.242500 14533.802500
271 448 42963.815000 26061.925000
272 395 71895.945000 20374.932500
273 328 24229.100000 96719.070000
274 280 79365.997500 42187.510000
275 382 97464.720000 25090.555000
276 376 35314.410000 56946.357500
277 292 24505.927500 71063.200000
278 364 53640.952500 94581.777500
279 320 69328.212500 36279.192500
280 447 72145.042500 80101.395000
281 303 74212.190000 14033.230000
282 341 88115.930000 12908.707500
283 429 79040.190000 72626.015000
284 373 47451.227500 39035.102500
285 336 19020.310000 27975.255000
286 337 65710.950000 25050.240000
287 462 86193.915000 4380.047500
288 494 73208.945000 27161.225000
289 283 10938.545000 36319.217500
290 298 65441.870000 68514.915000
291 382 79310.327500 95069.305000
292 388 80818.775000 93448.177500
293 352 47318.437500 73890.975000
294 287 52917.070000 74226.192500
295 364 87771.965000 31069.330000
296 318 53743.892500 80143.542500
297 372 84487.445000 63832.992500
298 373 27822.375000 26957.450000
299 340 53475.807500 92035.582500
300 355 58713.845000 19513.340000
301 373 5944.230000 55338.725000
302 412 94489.277500 4765.752500
303 463 24716.520000 13178.442500
304 206 1495.007500 68298.670000
305 389 52397.210000 89375.395000
306 431 73210.725000 61003.915000
307 355 83873.195000 55816.047500
308 389 16848.122500 89487.310000
309 359 98640.327500 95103.982500
310 485 188.412500 71870.840000
311 446 43877.540000 36756.222500
312 464 80396.607500 57642.885000
313 448 33737.122500 29555.307500
314 581 50854.480000 72318.865000
315 431 91299.927500 49863.782500
316 370 47509.242500 35463.850000
317 312 53023.652500 56065.030000
318 391 1823.510000 20083.415000
319 391 61445.105000 62474.150000
320 337 61841.652500 26606.427500
321 268 84284.497500 95217.647500
322 416 93169.922500 33605.665000
323 571 25327.567500 15587.825000
324 411 51945.892500 44358.675000
325 319 41830.922500 26542.342500
326 200 54882.495000 37500.560000
327 350 55276.255000 9083.985000
328 361 11461.542500 26486.577500
329 580 72294.700000 3037.215000
330 417 32987.607500 97344.875000
331 235 92033.790000 1787.495000
332 349 55149.705000 66312.630000
333 387 43429.057500 85831.205000
334 486 60101.245000 35835.230000
335 348 94138.072500 89835.210000
336 360 82601.237500 34083.497500
337 256 88008.890000 78515.932500
338 376 17444.900000 52721.010000
339 400 4892.000000 15408.752500
340 438 9312.445000 6351.355000
341 362 78042.697500 7533.015000
342 411 7428.680000 86763.430000
343 341 37838.595000 23541.502500
344 493 55548.060000 2323.462500
345 350 99681.502500 89143.675000
346 371 31950.200000 17684.555000
347 325 38844.795000 5249.760000
348 431 6594.667500 12985.685000
349 326 42151.765000 18431.135000
350 394 95909.680000 34834.200000
351 315 38731.902500 54460.582500
352 407 18046.207500 73544.797500
353 311 81202.782500 78599.367500
354 437 38228.942500 50349.025000
355 243 40132.737500 11022.712500
356 358 97493.137500 91176.425000
357 464 90444.057500 93821.040000
358 390 33605.327500 17195.535000
359 491 74671.957500 52223.972500
360 479 86670.680000 82690.782500
361 254 99067.007500 97891.810000
362 392 5404.612500 48920.987500
363 351 98420.422500 99575.697500
364 405 10389.495000 5789.172500
365 337 1287.335000 12999.015000
366 401 34211.420000 30970.480000
367 337 47258.835000 79199.307500
368 253 12943.840000 75359.572500
369 441 61624.497500 3724.917500
370 422 62370.567500 73209.875000
371 372 94411.335000 59804.907500
372 428 26789.495000 47123.807500
373 319 29369.397500 95357.457500
374 393 5793.877500 11612.952500
375 381 81708.660000 36155.272500
376 285 29791.765000 68449.452500
377 305 53487.535000 16033.575000
378 507 61896.287500 23054.172500
379 268 86697.072500 42207.345000
380 426 22500.702500 62000.010000
381 437 36707.007500 39936.810000
382 390 81854.660000 90707.992500
383 320 33894.430000 19858.505000
384 348 74078.655000 73159.660000
385 400 81308.437500 93218.620000
386 431 65645.215000 89398.397500
387 503 86990.115000 2845.212500
388 373 35059.795000 89839.582500
389 382 27108.042500 592.307500
390 426 17882.770000 36478.602500
391 347 10984.187500 6.607500
392 329 42572.750000 40785.477500
393 337 46113.565000 69936.012500
394 327 42736.667500 4853.110000
395 373 35899.065000 57751.587500
396 286 36817.575000 11925.202500
397 373 97053.342500 7498.475000
398 438 80151.005000 78814.737500
399 465 98160.010000 2743.135000
400 441 24714.090000 64480.220000
401 491 38142.157500 71752.515000
402 367 54901.165000 78405.830000
403 437 99342.480000 97517.752500
404 378 98078.557500 51324.750000
405 355 99531.547500 32562.630000
406 385 93074.285000 87634.482500
407 457 42206.937500 48643.772500
408 239 854.917500 31699.012500
409 211 76464.495000 49743.162500
410 502 5655.107500 93547.880000
411 363 14473.960000 36416.622500
412 318 27418.547500 22025.907500
413 396 81842.580000 73127.212500
414 432 72107.732500 60057.877500
415 259 75733.970000 81901.240000
416 456 42322.510000 83018.172500
417 346 16858.900000 62240.720000
418 353 73144.857500 24742.017500
419 446 14507.905000 48687.482500
420 209 9735.222500 96282.390000
421 337 96977.237500 50278.465000
422 359 56326.022500 66006.757500
423 414 76596.227500 57554.052500
424 487 95069.867500 71428.980000
425 370 43996.730000 11199.067500
426 451 75545.972500 21075.562500
427 461 54708.997500 17530.410000
428 373 2850.065000 89841.042500
429 407 92294.280000 26962.905000
430 434 80926.280000 51719.327500
431 421 80792.792500 83635.855000
432 370 15705.192500 75428.677500
433 400 31702.227500 5770.120000
434 423 9113.812500 9591.035000
435 447 33765.795000 15490.525000
436 397 91595.990000 91241.582500
437 414 4306.510000 44011.852500
438 354 34230.262500 87179.425000
439 320 97252.622500 66065.325000
440 540 33762.802500 28200.462500
441 463 99109.667500 29792.762500
442 500 77369.777500 53965.997500
443 460 39709.737500 25766.910000
444 283 86308.562500 32647.692500
445 327 27862.762500 26448.667500
446 357 47981.012500 84101.170000
447 440 12856.797500 96459.022500
448 468 55035.737500 40944.575000
449 386 85580.375000 25251.832500
450 358 7577.307500 63192.967500
451 375 71292.385000 4486.842500
452 321 19373.460000 84554.250000
453 349 68465.762500 67745.672500
454 349 15587.447500 97809.485000
455 296 70931.440000 47969.627500
456 342 58244.237500 99484.455000
457 342 24907.707500 43155.290000
458 393 52438.805000 55223.425000
459 402 1763.420000 16803.322500
460 376 69990.325000 46287.855000
461 506 4483.427500 96254.465000
462 236 99865.447500 23666.407500
463 343 23957.545000 12275.702500
464 445 34458.502500 62445.105000
465 490 9025.905000 94478.897500
466 392 57267.787500 70122.890000
467 442 62705.320000 55003.470000
468 405 19724.912500 24570.467500
469 351 39788.480000 65897.205000
470 246 59758.932500 31656.937500
471 375 29919.077500 60707.005000
472 392 44289.615000 66465.962500
473 396 37263.250000 44885.610000
474 362 25648.577500 74962.765000
475 460 42085.605000 49776.525000
476 320 60738.867500 66153.687500
477 313 88909.755000 57599.332500
478 317 43426.942500 2419.115000
479 441 28272.197500 3118.095000
480 332 77175.772500 4635.187500
481 343 1555.057500 70890.272500
482 499 68428.690000 77038.647500
483 364 55010.835000 91713.530000
484 340 14152.867500 43293.237500
485 326 86725.977500 43329.250000
486 489 57238.240000 87888.940000
487 175 91782.940000 94484.572500
488 280 64285.295000 62776.140000
489 278 35694.692500 39850.842500
490 321 71079.450000 61536.097500
491 317 58437.612500 96782.642500
492 434 36029.635000 88084.035000
493 374 78902.065000 35150.395000
494 476 85512.862500 1475.295000
495 396 8966.390000 28184.080000
496 265 9778.145000 17625.902500
497 390 48033.395000 61047.082500
498 418 13441.375000 17635.475000
499 193 49424.412500 39224.905000
500 450 12961.685000 39951.640000
501 546 72635.740000 55786.007500
502 319 67386.650000 29578.337500
503 353 72396.505000 23032.215000
504 380 44885.640000 53246.910000
505 342 54187.520000 1839.950000
506 266 64570.865000 46940.422500
507 370 35682.922500 66077.632500
508 542 2708.822500 12943.975000
509 410 77369.757500 86288.607500
510 291 69131.642500 3717.027500
511 455 83609.445000 25043.697500
512 493 22824.900000 80841.247500
513 427 29806.232500 5972.365000
514 325 68084.282500 23914.297500
515 307 79867.455000 18815.790000
516 280 41047.725000 79315.755000
517 351 98671.082500 64099.437500
518 327 98811.682500 24884.287500
519 310 87695.090000 20204.050000
520 328 76523.085000 2584.275000
521 331 8613.970000 39110.047500
522 457 80140.105000 46762.740000
523 468 6107.772500 13406.535000
524 488 18506.035000 3867.665000
525 340 33018.392500 84867.015000
526 468 19243.647500 55735.235000
527 401 84490.682500 20064.987500
528 513 8379.395000 27978.307500
529 427 15382.052500 12227.997500
530 402 91779.772500 75297.190000
531 395 27812.357500 22393.067500
532 276 38026.507500 76968.502500
533 386 98878.490000 38606.580000
534 462 23834.617500 69646.790000
535 455 37135.180000 59793.115000
536 437 509.072500 59200.390000
537 322 98492.682500 7405.097500
538 325 91865.765000 9419.130000
539 454 52754.807500 45327.470000
540 347 24666.627500 45370.030000
541 319 94426.212500 88262.572500
542 474 93512.395000 9403.072500
543 266 45528.582500 68990.070000
544 273 7821.235000 23804.000000
545 346 68060.177500 53667.185000
546 442 40495.365000 7177.157500
547 345 27176.525000 56450.860000
548 302 79675.312500 64910.965000
549 469 89068.277500 20394.475000
550 346 18230.895000 13914.925000
551 482 38347.092500 15590.455000
552 302 9035.962500 56731.260000
553 359 74160.897500 82214.140000
554 356 42821.047500 34074.672500
555 439 40743.265000 4562.397500
556 426 13386.045000 16872.067500
557 318 28404.692500 68570.485000
558 588 31555.162500 62191.462500
559 363 49891.625000 94732.905000
560 237 60762.617500 18365.405000
561 441 57982.082500 69555.805000
562 424 24473.340000 33505.195000
563 294 93899.432500 12958.202500
564 510 74535.580000 75142.137500
565 513 17941.010000 84952.082500
566 342 90607.035000 24151.690000
567 444 56325.305000 26926.105000
568 426 59769.197500 60005.800000
569 486 67906.015000 1167.137500
570 576 56204.555000 85564.287500
571 352 5687.545000 79558.357500
572 341 40692.562500 52071.855000
573 329 85229.155000 50464.627500
574 388 10841.475000 78868.487500
575 480 11756.132500 72779.535000
576 411 44614.062500 41969.602500
577 331 97630.090000 51798.057500
578 395 32512.135000 51754.387500
579 344 60203.325000 96714.057500
580 355 80337.750000 39662.102500
581 406 35835.925000 20725.522500
582 439 33093.320000 47078.010000
583 252 8699.142500 34822.950000
584 256 94018.212500 33730.172500
585 407 80943.512500 56105.285000
586 397 24145.482500 97519.055000
587 463 63525.207500 62281.387500
588 324 413.705000 33847.477500
589 298 31714.160000 24151.125000
590 355 21870.607500 75020.222500
591 357 66800.500000 75292.995000
592 390 48236.927500 77494.592500
593 388 40793.682500 74184.820000
594 401 58435.195000 46501.810000
595 392 29062.757500 65158.467500
596 335 87513.182500 41286.860000
597 422 9503.580000 34340.835000
598 372 1656.265000 65445.042500
599 404 62159.162500 96720.187500
600 281 36743.370000 42672.300000
601 458 11034.795000 38995.545000
602 393 55251.435000 49426.055000
603 285 62895.492500 24767.452500
604 389 66626.827500 41560.932500
605 467 83732.947500 63359.012500
606 400 4256.085000 33522.590000
607 345 80019.130000 94111.327500
608 465 49041.657500 5995.455000
609 321 67188.255000 76108.217500
610 228 74627.877500 13521.387500
611 462 80128.052500 77428.547500
612 257 6301.317500 77552.410000
613 347 89281.220000 84868.980000
614 405 72135.152500 13013.867500
615 444 98174.602500 35529.855000
616 430 96491.030000 20526.337500
617 360 92164.260000 87408.877500
618 266 56306.767500 7686.287500
619 422 70487.880000 89989.750000
620 474 80645.375000 27084.217500
621 283 6276.077500 92823.175000
622 325 19054.265000 68267.750000
623 377 18225.502500 17744.492500
624 413 52179.610000 12115.110000
625 356 45194.130000 98529.287500
626 429 74976.622500 21039.197500
627 399 98261.612500 54740.180000
628 307 9085.595000 47691.912500
629 416 40222.400000 28054.077500
630 326 69427.422500 85623.322500
631 383 34315.947500 92340.837500
632 461 96459.635000 32061.210000
633 276 74729.227500 27710.322500
634 353 3149.842500 87947.752500
635 450 85883.770000 67901.160000
636 313 196.702500 2543.337500
637 420 51439.870000 19040.807500
638 393 5880.505000 11252.625000
639 444 64461.937500 5268.610000
640 485 51539.225000 7978.717500
641 267 39933.870000 31654.987500
642 332 99098.790000 66525.317500
643 468 32105.912500 54531.567500
644 409 88059.375000 55.290000
645 416 29080.365000 70456.007500
646 352 34844.515000 16904.652500
647 418 70102.595000 57297.330000
648 280 63304.620000 91164.912500
649 283 90955.257500 30300.002500
650 361 68103.022500 22209.450000
651 184 43005.562500 63365.722500
652 396 33826.255000 36163.447500
653 510 67865.725000 97754.955000
654 543 40577.330000 63407.370000
655 444 85542.917500 61609.640000
656 294 88429.940000 10932.197500
657 412 36142.790000 49277.362500
658 445 90002.900000 31162.672500
659 295 15642.357500 17827.665000
660 335 2583.017500 17523.537500
661 391 89776.750000 3914.970000
662 346 44163.870000 6091.695000
663 294 21406.025000 20606.217500
664 490 38338.427500 49645.687500
665 396 7593.667500 88778.952500
666 208 63164.822500 26056.460000
667 299 74140.737500 84702.557500
668 535 21082.387500 90952.392500
669 472 22304.122500 37222.492500
670 328 95462.017500 38619.827500
671 432 46460.837500 29422.622500
672 321 68007.120000 18508.630000
673 319 31708.212500 74372.530000
674 329 3655.232500 65002.417500
675 395 31975.262500 85653.435000
676 527 75919.042500 48449.817500
677 402 71013.720000 51470.925000
678 219 69767.767500 99903.690000
679 445 38562.475000 23291.617500
680 412 10298.337500 3281.297500
681 427 24165.782500 24364.055000
682 325 44303.605000 64256.862500
683 420 46039.535000 71177.622500
684 385 23153.625000 67839.410000
685 299 30626.382500 76770.542500
686 282 48008.085000 52536.160000
687 393 15664.020000 13637.677500
688 353 18557.202500 13528.012500
689 346 27782.697500 15197.450000
690 315 83064.227500 81931.477500
691 445 29745.112500 30105.080000
692 245 49379.810000 73953.050000
693 399 55895.830000 68739.832500
694 474 54663.727500 82852.477500
695 257 21091.510000 21035.567500
696 228 56718.872500 69411.977500
697 498 23775.160000 28956.510000
698 313 36479.732500 68810.657500
699 463 58160.515000 12996.962500
700 341 46821.242500 13542.417500
701 355 76003.905000 24721.147500
702 301 5126.817500 69861.442500
703 394 41791.945000 89741.765000
704 397 28879.547500 62451.430000
705 340 89421.567500 27432.160000
706 513 35142.402500 99293.927500
707 384 93816.302500 92268.395000
708 367 49557.680000 44145.315000
709 395 27526.405000 82153.812500
710 318 89350.190000 34363.135000
711 325 2978.447500 54924.032500
712 362 84383.387500 11111.732500
713 302 73173.200000 76351.280000
714 273 80940.640000 22532.845000
715 410 59206.997500 51184.615000
716 343 98933.685000 94463.420000
717 328 41473.170000 87567.342500
718 410 40835.730000 6243.597500
719 274 57133.012500 80645.925000
720 462 9214.512500 44703.960000
721 339 34195.297500 19394.705000
722 329 68369.962500 81856.852500
723 304 38364.235000 80337.662500
724 535 81605.092500 72913.612500
725 434 38002.922500 63744.905000
726 537 65952.437500 88193.747500
727 381 49277.765000 82333.127500
728 354 18254.245000 80124.477500
729 324 55464.222500 22290.320000
730 380 19062.772500 24655.425000
731 373 84856.462500 10414.620000
732 389 89794.467500 59016.495000
733 239 77434.577500 22751.092500
734 522 14557.187500 77267.705000
735 461 62902.622500 58512.197500
736 357 33643.622500 94045.522500
737 271 78036.210000 30414.122500
738 294 93050.505000 92628.167500
739 500 64606.232500 99239.685000
740 435 72176.487500 93955.942500
741 378 83386.780000 52905.147500
742 359 60247.905000 59865.392500
743 346 26677.787500 9886.817500
744 354 66872.965000 55875.297500
745 464 2935.625000 25846.832500
746 265 59389.485000 38252.557500
747 338 105.227500 62781.017500
748 397 75309.795000 6434.720000
749 456 83410.447500 53246.512500
750 451 67602.627500 47699.767500
751 381 42206.177500 16873.625000
752 381 74550.315000 58765.117500
753 499 54866.707500 50634.370000
754 456 47040.230000 83417.037500
755 471 39227.850000 73582.657500
756 367 97050.145000 37574.467500
757 423 48544.382500 59585.505000
758 558 28269.115000 63330.910000
759 369 18347.992500 13010.217500
760 373 4321.830000 55706.267500
761 220 65924.812500 41067.697500
762 381 8705.220000 97018.082500
763 376 4469.777500 49308.847500
764 496 80501.262500 34191.020000
765 319 8039.260000 52848.567500
766 341 41286.327500 84005.860000
767 360 9218.072500 26134.162500
768 366 43868.790000 5387.985000
769 353 95279.265000 71960.572500
770 243 24225.817500 84526.377500
771 368 10934.412500 11622.542500
772 263 61375.665000 53819.102500
773 469 32932.045000 5004.015000
774 476 45790.347500 65052.537500
775 233 90973.697500 78518.212500
776 406 39143.355000 75458.390000
777 432 43951.342500 10673.955000
778 345 93730.340000 82072.240000
779 398 64702.430000 9325.070000
780 416 64730.155000 92394.552500
781 310 36119.415000 11699.292500
782 342 75221.892500 50952.985000
783 332 83265.790000 96306.932500
784 280 79519.645000 29692.885000
785 416 2183.285000 33719.767500
786 505 96993.387500 46006.272500
787 359 97295.315000 18286.462500
788 336 75395.327500 7455.930000
789 329 54180.252500 79366.797500
790 346 86829.042500 80616.200000
791 302 27725.387500 32779.000000
792 324 12648.902500 50459.747500
793 341 20117.455000 8456.727500
794 319 21247.360000 59879.950000
795 311 47557.665000 1965.802500
796 371 85658.907500 78585.155000
797 395 16359.312500 87238.812500
798 423 79650.600000 64124.225000
799 374 27647.570000 97727.975000
800 398 58977.245000 16255.057500
801 378 89757.090000 9702.915000
802 331 93693.540000 65389.717500
803 376 63364.042500 34537.292500
804 330 47650.492500 30485.950000
805 320 10048.400000 58162.812500
806 344 43640.560000 91203.975000
807 437 44473.460000 31473.457500
808 362 98919.832500 78310.255000
809 347 77593.550000 22930.050000
810 388 32570.482500 95208.215000
811 465 18025.882500 15681.010000
812 290 68249.885000 59159.072500
813 359 15442.352500 36907.082500
814 323 95884.887500 55520.495000
815 321 28922.972500 74879.170000
816 366 38270.947500 62545.502500
817 351 59215.155000 41000.052500
818 478 84950.632500 7446.797500
819 499 75830.910000 1460.155000
820 379 66879.760000 54909.242500
821 434 18169.972500 31600.020000
822 442 24704.420000 61520.862500
823 456 58788.312500 15688.710000
824 357 57380.665000 23712.997500
825 404 83067.185000 96810.805000
826 419 19891.310000 20057.110000
827 345 60970.482500 75139.730000
828 365 19348.602500 31719.222500
829 280 98425.937500 85313.067500
830 435 96308.120000 57141.957500
831 416 84850.400000 14510.717500
832 527 27578.190000 2325.140000
833 428 26430.882500 99642.225000
834 347 82766.030000 56687.507500
835 347 35974.320000 60080.012500
836 391 76154.330000 63540.807500
837 363 27185.205000 20893.620000
838 404 20518.982500 43375.862500
839 358 52138.350000 59152.792500
840 520 94813.682500 84205.050000
841 191 36056.685000 34965.192500
842 306 57288.197500 82779.637500
843 271 41383.865000 3320.082500
844 223 98381.425000 46310.682500
845 439 991.542500 70150.962500
846 265 9272.812500 17340.532500
847 497 11368.167500 75758.577500
848 419 66577.337500 98602.130000
849 311 56458.675000 77532.550000
850 270 57761.250000 41722.932500
851 356 90673.755000 31613.060000
852 408 51184.722500 53917.647500
853 328 72772.662500 36060.492500
854 467 21513.610000 65375.052500
855 311 58445.890000 35721.750000
856 489 54292.320000 95178.415000
857 482 36084.367500 29232.175000
858 375 69657.510000 49838.877500
859 356 58850.430000 24830.027500
860 365 44898.707500 49592.457500
861 328 4545.410000 99614.652500
862 268 23514.250000 33652.382500
863 446 93273.677500 97952.870000
864 416 12933.907500 1487.390000
865 299 84981.007500 64880.907500
866 249 21937.492500 97943.070000
867 484 10138.530000 91611.102500
868 299 31653.297500 25271.837500
869 355 18229.662500 49132.757500
870 204 54344.657500 93918.437500
871 396 9997.490000 51955.540000
872 383 75431.100000 19705.175000
873 392 66252.792500 35420.707500
874 371 65608.682500 35122.910000
875 318 98106.657500 97107.525000
876 365 85557.975000 9722.545000
877 490 75841.100000 31143.252500
878 326 82039.870000 57885.342500
879 386 79208.490000 5762.475000
880 467 60536.180000 92102.005000
881 303 75291.122500 84596.495000
882 311 80447.357500 55651.917500
883 388 90433.210000 81034.335000
884 431 26037.415000 9602.380000
885 521 81187.602500 33965.455000
886 342 25861.727500 79120.095000
887 406 91658.555000 97999.200000
888 283 99480.222500 38904.245000
889 432 93314.280000 94489.992500
890 380 19156.077500 39624.575000
891 269 7854.787500 8603.772500
892 483 45316.422500 22543.022500
893 249 81629.012500 87712.727500
894 341 90003.110000 53046.655000
895 286 34228.845000 5686.512500
896 218 30886.592500 36910.052500
897 343 13950.500000 94123.197500
898 453 9001.205000 95969.480000
899 392 49125.030000 88457.800000
900 186 77411.675000 38847.275000
901 457 79213.967500 15167.545000
902 262 46303.100000 51282.025000
903 519 17542.322500 31290.855000
904 528 53157.290000 4583.710000
905 391 33140.227500 31111.910000
906 289 55261.137500 42703.112500
907 393 71200.380000 34867.655000
908 377 63729.655000 5330.975000
909 290 19670.467500 77580.192500
910 304 75754.415000 85601.242500
911 375 94014.142500 20763.945000
912 427 1457.590000 51494.452500
913 477 80671.622500 67250.052500
914 312 83440.395000 19824.912500
915 380 54724.395000 54842.460000
916 413 74511.277500 77835.682500
917 273 42902.152500 99363.067500
918 458 20822.135000 60453.307500
919 435 72509.350000 9271.460000
920 236 92366.577500 63400.645000
921 546 54179.040000 17383.500000
922 284 31587.297500 78117.442500
923 350 54895.755000 97117.290000
924 355 83867.027500 22920.320000
925 474 9292.865000 90886.612500
926 450 29728.140000 36733.180000
927 458 90787.945000 59184.887500
928 328 29978.530000 49807.365000
929 263 11132.805000 10538.177500
930 421 43380.367500 90288.140000
931 483 54113.860000 70396.270000
932 535 93110.662500 43849.522500
933 391 40698.482500 58583.142500
934 430 25194.272500 69704.860000
935 462 23313.962500 38503.060000
936 460 92949.607500 63707.972500
937 329 36143.195000 61559.965000
938 419 23973.920000 43342.565000
939 328 74811.312500 88951.637500
940 360 79809.905000 90831.135000
941 438 99135.685000 67028.022500
942 389 24305.650000 89256.390000
943 423 89670.567500 93111.382500
944 355 5184.932500 31018.790000
945 468 19511.450000 48657.617500
946 410 82645.480000 75521.237500
947 251 15739.750000 10606.432500
948 442 59868.350000 83543.797500
949 497 4828.432500 35611.650000
950 448 84314.032500 79965.767500
951 299 67714.637500 9125.612500
952 538 63450.660000 21150.855000
953 290 80248.012500 3033.100000
954 218 22853.447500 37607.640000
955 256 64931.612500 66050.817500
956 516 58340.722500 90245.425000
957 214 5073.327500 96144.465000
958 339 20608.382500 24295.032500
959 397 59047.332500 81615.390000
960 385 55427.995000 94422.647500
961 524 57839.040000 2828.330000
962 399 39157.177500 22179.210000
963 499 53842.460000 96754.830000
964 496 96285.620000 63383.662500
965 333 69276.327500 53361.790000
966 300 74023.695000 90468.107500
967 345 23345.772500 78582.315000
968 397 94300.177500 85779.287500
969 303 53245.972500 49995.107500
970 297 36771.235000 43793.587500
971 485 6665.815000 35039.790000
972 489 29765.845000 71215.267500
973 293 43038.192500 2912.062500
974 426 25485.775000 73846.110000
975 425 80323.800000 13207.950000
976 513 85859.322500 71956.097500
977 415 40355.970000 50295.355000
978 296 41263.897500 95030.132500
979 228 69574.392500 53447.577500
980 366 45372.992500 15369.040000
981 343 31863.722500 51224.522500
982 492 50290.622500 96986.880000
983 397 6076.692500 20663.052500
984 360 10457.675000 71480.275000
985 233 38240.392500 58190.947500
986 301 39804.725000 43021.407500
987 332 1227.557500 53292.595000
988 391 51746.707500 80455.740000
989 427 14183.680000 61118.690000
990 392 29367.192500 88020.617500
991 360 36670.290000 79730.182500
992 427 90304.272500 28385.060000
993 420 2676.562500 79506.730000
994 471 94121.000000 95002.010000
995 377 80568.950000 89005.717500
996 394 66552.747500 4267.010000
997 314 61039.862500 4624.807500
998 409 88889.410000 515.162500
999 360 82661.875000 58344.940000
1000 290 20469.355000 77549.812500
1001 340 51104.757500 34178.582500
1002 492 7732.280000 83642.260000
1003 318 48140.085000 76555.270000
1004 236 14781.755000 69714.767500
1005 407 50800.110000 77327.392500
1006 454 58909.152500 47941.557500
1007 380 96469.285000 53340.967500
1008 505 57562.205000 95711.695000
1009 485 24580.300000 31486.500000
1010 442 24317.925000 35981.837500
1011 311 17350.527500 40997.292500
1012 233 48561.405000 45661.572500
1013 388 54566.225000 69305.845000
1014 574 98367.260000 219.880000
1015 346 3434.640000 99883.942500
1016 358 81997.817500 85045.982500
1017 406 58589.465000 71560.207500
1018 259 14632.335000 15767.145000
1019 343 12392.875000 63898.860000
1020 450 43765.342500 67598.347500
1021 311 19636.042500 76208.365000
1022 411 88191.852500 69191.010000
1023 514 73961.100000 25879.505000
1024 435 65104.557500 5936.002500
1025 335 92559.577500 29212.702500
1026 395 55120.032500 66387.700000
1027 399 32017.610000 52205.177500
1028 322 83592.325000 22433.807500
1029 195 31769.287500 35475.435000
1030 415 69215.772500 75590.110000
1031 337 49804.545000 17376.177500
1032 318 20002.425000 27725.867500
1033 340 27447.915000 73501.785000
1034 343 85463.415000 87750.062500
1035 315 62499.327500 38298.402500
1036 518 63657.915000 91386.717500
1037 445 87444.797500 46211.492500
1038 459 74879.897500 16538.057500
1039 316 52249.137500 69444.675000
1040 443 87011.695000 76335.900000
1041 338 53559.797500 13708.295000
1042 204 63999.762500 36266.592500
1043 313 55097.592500 29189.575000
1044 282 65466.867500 64822.715000
1045 334 39593.295000 11390.857500
1046 311 44383.147500 43904.932500
1047 437 57452.915000 2661.602500
1048 280 93908.452500 86710.382500
1049 313 89966.427500 49958.275000
1050 373 43429.715000 29893.012500
1051 426 14264.842500 89963.937500
1052 476 48538.907500 23959.722500
1053 337 51987.775000 12006.810000
1054 348 93116.562500 89212.695000
1055 522 83366.877500 94049.597500
1056 480 12021.055000 86401.552500
1057 399 59678.280000 24299.482500
1058 260 88875.552500 92274.600000
1059 490 71454.800000 94863.527500
1060 507 32170.552500 22940.377500
1061 501 12021.802500 19962.912500
1062 344 96314.985000 4398.347500
1063 421 40617.067500 78780.262500
1064 281 25155.502500 77584.612500
1065 256 80066.562500 38557.797500
1066 281 66000.757500 92245.075000
1067 346 83628.820000 9038.425000
1068 352 57769.605000 28325.440000
1069 461 65358.375000 47387.442500
1070 353 18615.292500 2865.845000
1071 361 47089.640000 37265.312500
1072 508 52131.077500 2532.877500
1073 440 25023.587500 69244.142500
1074 288 23572.767500 18987.717500
1075 453 31425.627500 23081.910000
1076 388 10231.660000 45139.710000
1077 241 66623.135000 583.800000
1078 392 68018.565000 36491.352500
1079 480 82338.560000 19459.272500
1080 200 40464.855000 30651.552500
1081 441 30035.637500 98439.315000
1082 384 43672.905000 90455.250000
1083 423 86461.740000 18497.985000
1084 472 49076.442500 5477.947500
1085 475 59782.997500 26145.345000
1086 428 76334.605000 4087.670000
1087 463 46265.905000 5712.782500
1088 440 45198.040000 73143.955000
1089 314 18112.035000 71518.315000
1090 462 7771.765000 97525.950000
1091 411 49184.637500 3989.845000
1092 413 91905.710000 47067.875000
1093 469 33989.767500 95973.480000
1094 489 33513.327500 24761.032500
1095 308 16664.717500 14906.517500
1096 349 64729.952500 97720.367500
1097 343 6626.057500 86976.942500
1098 439 66877.672500 21992.537500
1099 530 40330.842500 61062.655000
1100 417 12893.945000 2006.170000
1101 322 2077.202500 38487.562500
1102 317 73122.697500 61102.245000
1103 451 45951.075000 25697.042500
1104 354 52340.547500 30236.945000
1105 302 69468.025000 4913.037500
1106 453 17183.065000 74543.375000
1107 442 93181.072500 80306.375000
1108 466 82280.982500 93428.792500
1109 425 98922.025000 78164.992500
1110 458 17819.712500 17560.305000
1111 516 59405.017500 89732.115000
1112 323 72032.150000 9029.892500
1113 405 9358.220000 9100.642500
1114 378 11392.342500 20620.097500
1115 424 44821.687500 8828.320000
1116 551 8642.467500 18904.265000
1117 394 6351.152500 9023.130000
1118 345 1108.175000 55029.412500
1119 385 27552.545000 51267.215000
1120 256 96825.877500 91090.687500
1121 406 65653.960000 10452.435000
1122 401 43999.947500 18267.990000
1123 388 77589.407500 22496.535000
1124 389 75244.997500 99870.542500
1125 417 60938.382500 70196.377500
1126 380 80235.002500 12423.410000
1127 388 77372.697500 99742.022500
1128 482 38146.890000 45763.370000
1129 435 4917.605000 40232.455000
1130 259 67711.357500 16575.770000
1131 480 32093.595000 35586.177500
1132 344 94054.295000 35594.230000
1133 424 8285.402500 9912.092500
1134 455 36130.315000 17870.332500
1135 405 77631.637500 59606.260000
1136 381 85435.470000 35130.262500
1137 511 2733.315000 60232.465000
1138 410 11484.932500 91704.880000
1139 342 54507.967500 38751.367500
1140 398 79342.115000 81978.125000
1141 329 37609.165000 31141.675000
1142 292 76855.792500 59401.185000
1143 426 37257.402500 18664.445000
1144 376 69923.612500 25202.642500
1145 313 76474.532500 19765.422500
1146 428 11611.072500 76325.795000
1147 443 19842.045000 98778.187500
1148 348 41445.022500 20238.070000
1149 367 91050.355000 98528.485000
1150 351 1388.555000 97976.007500
1151 386 10363.912500 53881.217500
1152 407 95706.682500 78000.750000
1153 342 31.412500 78927.167500
1154 446 62582.380000 95783.040000
1155 459 7040.307500 37391.835000
1156 483 66955.695000 71749.702500
1157 374 92291.850000 83975.845000
1158 483 16160.365000 5210.795000
1159 504 22229.290000 71173.257500
1160 363 75904.680000 12114.785000
1161 422 7132.400000 55955.580000
1162 462 33523.012500 31868.092500
1163 371 56644.357500 70497.390000
1164 488 79169.855000 52257.782500
1165 342 3283.410000 48668.272500
1166 456 70965.260000 27345.512500
1167 339 41620.690000 94926.127500
1168 372 83605.960000 86170.150000
1169 361 55312.735000 7557.580000
1170 323 36974.650000 95269.475000
1171 399 98479.752500 6864.972500
1172 423 97447.257500 33955.110000
1173 328 77018.835000 17147.007500
1174 372 6696.160000 16254.157500
1175 306 13627.997500 12946.505000
1176 366 48282.607500 54852.962500
1177 317 96411.692500 20899.970000
1178 487 25640.532500 49666.662500
1179 351 7555.012500 77115.825000
1180 312 14074.387500 65351.445000
1181 318 93625.887500 17766.570000
1182 351 38745.945000 37981.770000
1183 358 39851.292500 69492.030000
1184 360 24910.740000 26035.462500
1185 291 53437.597500 69037.667500
1186 309 61251.180000 36821.180000
1187 456 48156.777500 71842.902500
1188 573 46655.082500 51408.510000
1189 482 7727.525000 40607.202500
1190 368 57067.617500 93522.352500
1191 419 12736.770000 3185.225000
1192 485 10257.597500 67367.010000
1193 215 27415.807500 88387.632500
1194 414 78395.995000 25563.585000
1195 286 26365.410000 23429.450000
1196 341 20241.985000 57054.142500
1197 366 14109.347500 79620.342500
1198 388 11515.975000 94650.942500
1199 489 86462.355000 54825.885000
1200 416 26468.382500 9853.847500
1201 391 43048.482500 4453.547500
1202 425 7795.415000 5014.320000
1203 387 22822.625000 73348.587500
1204 321 70547.690000 72527.982500
1205 399 18338.235000 26515.390000
1206 393 8524.017500 98326.460000
1207 347 2658.085000 63039.535000
1208 385 4839.250000 85050.090000
1209 357 16017.065000 1140.527500
1210 421 34859.922500 93188.860000
1211 379 76374.950000 84992.470000
1212 397 6212.922500 44644.792500
1213 338 80670.030000 58896.625000
1214 322 96187.707500 14631.945000
1215 450 80974.040000 21265.812500
1216 519 82168.325000 71322.142500
1217 441 40015.792500 53136.257500
1218 340 54082.792500 13735.810000
1219 346 53005.857500 83481.062500
1220 244 77669.360000 62015.367500
1221 450 6672.530000 81433.610000
1222 363 681.880000 31596.477500
1223 319 99265.260000 84479.400000
1224 457 38871.847500 70910.205000
1225 352 79846.945000 13206.697500
1226 404 34584.510000 84606.647500
1227 424 42444.950000 33901.682500
1228 482 13301.725000 7613.472500
1229 530 9178.495000 93167.540000
1230 331 19351.580000 95462.940000
1231 443 91834.907500 78825.852500
1232 402 47974.932500 26022.592500
1233 283 78324.922500 39690.762500
1234 424 88909.592500 29450.735000
1235 312 58034.790000 76029.450000
1236 390 78260.692500 53632.825000
1237 429 90300.725000 13552.902500
1238 404 76612.645000 92564.330000
1239 340 2075.860000 74000.855000
1240 430 71781.825000 7826.430000
1241 433 51129.845000 83659.337500
1242 378 69762.360000 31754.787500
1243 409 5918.895000 76714.367500
1244 339 48354.827500 30471.187500
1245 433 15508.982500 74399.050000
1246 426 38737.037500 69141.767500
1247 315 67685.277500 99603.967500
1248 249 81619.642500 24068.035000
1249 386 6614.195000 87095.180000
1250 507 38871.335000 511.170000
1251 346 84851.907500 26547.632500
1252 362 77472.887500 93970.357500
1253 371 19621.225000 80376.387500
1254 353 93979.595000 78764.255000
1255 345 12245.202500 72690.865000
1256 278 26768.625000 42457.690000
1257 396 13034.170000 84655.250000
1258 363 98057.835000 50278.360000
1259 204 84495.262500 56153.325000
1260 464 5261.515000 76290.092500
1261 393 99181.052500 76320.190000
1262 343 44775.355000 67670.670000
1263 317 22699.630000 6511.192500
1264 448 9693.895000 10354.630000
1265 337 76981.170000 52786.390000
1266 358 10811.380000 57220.040000
1267 350 51025.525000 74298.645000
1268 475 34729.465000 49557.040000
1269 418 76042.425000 19473.945000
1270 415 77681.245000 22197.092500
1271 272 27657.605000 36229.627500
1272 397 28793.607500 10193.060000
1273 396 65015.317500 75267.555000
1274 365 95310.290000 88531.525000
1275 329 93980.292500 27960.755000
1276 321 7221.302500 29581.032500
1277 384 44993.025000 89137.005000
1278 536 78778.137500 6631.562500
1279 279 27024.287500 91449.650000
1280 396 88228.967500 69523.297500
1281 349 52721.090000 10496.590000
1282 273 29694.087500 51384.420000
1283 400 57773.127500 42258.692500
1284 293 58511.785000 35976.875000
1285 378 77133.730000 40859.692500
1286 234 3553.957500 89264.002500
1287 257 82235.632500 56523.020000
1288 492 53631.215000 74104.622500
1289 405 90240.767500 76778.375000
1290 354 51950.167500 94867.205000
1291 332 33893.545000 65928.617500
1292 445 62777.555000 86186.245000
1293 363 1649.380000 3059.450000
1294 398 169.662500 18026.447500
1295 454 78480.725000 10167.220000
1296 388 11047.465000 49859.197500
1297 244 53160.510000 50495.745000
1298 459 5757.897500 11552.315000
1299 376 68453.030000 55099.650000
1300 431 55731.287500 85229.862500
1301 548 38765.617500 214.675000
1302 471 43921.092500 77562.982500
1303 407 59147.602500 72896.087500
1304 440 91712.882500 658.300000
1305 410 6279.760000 13793.585000
1306 283 76523.830000 84929.395000
1307 298 70988.260000 43850.870000
1308 261 96890.627500 30678.567500
1309 445 35840.437500 77158.730000
1310 401 66615.287500 32158.487500
1311 539 76590.345000 21733.102500
1312 492 17768.585000 17893.250000
1313 249 8830.752500 79279.892500
1314 389 93274.327500 56759.880000
1315 242 69561.795000 70197.560000
1316 336 2163.332500 94788.082500
1317 516 78570.485000 87746.930000
1318 378 74621.170000 86263.037500
1319 458 41431.992500 59141.945000
1320 302 51583.892500 3740.247500
1321 377 78187.852500 61865.387500
1322 465 10342.712500 25186.177500
1323 256 53904.077500 50172.717500
1324 438 99994.045000 26070.165000
1325 543 12619.597500 81899.640000
1326 311 1376.537500 770.597500
1327 448 55272.547500 80195.177500
1328 221 82534.927500 36631.615000
1329 381 39057.220000 5168.990000
1330 375 36946.582500 33664.960000
1331 415 24460.665000 43296.545000
1332 464 22703.360000 31178.535000
1333 327 10723.657500 11711.417500
1334 323 4132.470000 14596.165000
1335 351 61442.127500 72700.557500
1336 370 90972.765000 17047.470000
1337 446 72652.370000 58562.662500
1338 347 94719.260000 63987.632500
1339 441 51089.157500 78560.117500
1340 320 46165.082500 24164.955000
1341 421 436.340000 25472.465000
1342 331 14696.770000 5048.780000
1343 343 79584.732500 46386.645000
1344 296 15521.770000 72540.212500
1345 408 39904.387500 83842.162500
1346 403 92810.260000 7034.712500
1347 474 67068.115000 31835.560000
1348 400 56969.810000 9987.220000
1349 386 3674.610000 11438.177500
1350 262 41066.432500 76513.445000
1351 294 20327.405000 36484.962500
1352 370 18421.942500 88931.962500
1353 336 72843.710000 79437.530000
1354 388 3731.827500 47989.760000
1355 439 62062.060000 1045.030000
1356 292 29294.265000 37157.015000
1357 395 98810.065000 98088.000000
1358 429 64236.422500 26111.195000
1359 356 17974.302500 56180.305000
1360 348 72760.477500 41264.042500
1361 423 97932.577500 21860.447500
1362 541 3868.640000 26918.215000
1363 172 33127.630000 9544.647500
1364 410 31617.042500 28748.220000
1365 277 22414.667500 9901.330000
1366 350 8621.577500 56528.955000
1367 384 1260.305000 75166.277500
1368 230 8011.700000 49760.727500
1369 450 12743.352500 96584.952500
1370 305 96805.857500 27304.560000
1371 400 35465.185000 75065.495000
1372 381 72578.867500 65974.510000
1373 310 72732.172500 24414.450000
1374 402 38797.860000 79542.765000
1375 230 2727.572500 54052.437500
1376 443 97261.647500 91158.265000
1377 466 60087.272500 62008.805000
1378 323 9742.162500 7265.312500
1379 432 51472.445000 84742.850000
1380 390 87956.417500 53861.610000
1381 384 51808.305000 98940.835000
1382 371 98989.187500 66832.700000
1383 405 1996.225000 95303.387500
1384 411 35518.480000 83982.847500
1385 291 57342.617500 18260.965000
1386 398 47956.792500 17518.032500
1387 341 38048.852500 39952.712500
1388 431 68213.412500 40921.277500
1389 449 21722.985000 45479.770000
1390 406 50315.437500 80990.645000
1391 310 15255.105000 77639.922500
1392 441 12223.480000 72268.797500
1393 379 78397.787500 9086.352500
1394 356 20667.187500 65358.240000
1395 233 8599.125000 29526.202500
1396 376 49189.455000 50161.312500
1397 430 6029.927500 68765.732500
1398 443 86185.617500 41121.597500
1399 428 56520.490000 54338.487500
1400 450 91375.802500 89198.317500
1401 427 73395.982500 85489.690000
1402 491 82208.907500 34275.337500
1403 359 69268.622500 53143.480000
1404 292 90277.262500 79276.395000
1405 278 81464.057500 66145.005000
1406 332 38406.680000 78808.677500
1407 400 7587.300000 18778.800000
1408 468 27950.492500 80435.725000
1409 250 50688.605000 38642.975000
1410 244 25381.235000 98731.842500
1411 484 51514.905000 17685.667500
1412 506 74739.515000 49580.407500
1413 413 86297.010000 91471.982500
1414 282 46050.470000 62275.807500
1415 634 31587.577500 75183.462500
1416 303 84188.950000 64575.222500
1417 346 27653.852500 86785.087500
1418 381 89928.725000 75048.395000
1419 382 12294.655000 39248.002500
1420 362 63665.852500 44112.947500
1421 484 49776.632500 27436.190000
1422 445 60734.945000 37764.025000
1423 469 12011.397500 51328.112500
1424 229 51226.130000 33005.125000
1425 427 45410.127500 6361.870000
1426 439 17772.662500 88507.355000
1427 392 65018.427500 8358.447500
1428 356 89502.957500 67769.895000
1429 321 75711.797500 93426.785000
1430 376 54362.025000 60535.330000
1431 410 26714.885000 15277.347500
1432 387 89671.277500 56831.557500
1433 402 35988.625000 81216.197500
1434 290 12494.527500 6305.205000
1435 292 1109.590000 88474.237500
1436 340 95290.547500 36359.012500
1437 245 9767.190000 86791.290000
1438 388 91443.590000 7902.762500
1439 317 60817.957500 47381.895000
1440 314 5314.670000 61910.917500
1441 399 93086.750000 2449.995000
1442 316 21104.835000 19258.622500
1443 279 15863.855000 88296.417500
1444 395 16743.222500 3959.935000
1445 489 6564.767500 63079.100000
1446 444 32621.642500 51547.242500
1447 415 41359.817500 48411.347500
1448 364 80269.387500 17713.407500
1449 465 32384.700000 90064.062500
1450 404 76497.910000 76456.927500
1451 482 704.745000 40148.145000
1452 434 11681.782500 2668.427500
1453 435 11770.210000 34355.500000
1454 248 40710.060000 37643.812500
1455 397 71572.382500 15132.270000
1456 345 84104.630000 50033.182500
1457 393 29465.795000 35162.395000
1458 361 11090.190000 37642.720000
1459 393 69041.742500 219.620000
1460 379 32235.750000 55622.370000
1461 372 94726.397500 23403.887500
1462 367 91069.842500 19823.470000
1463 510 93152.772500 82842.260000
1464 384 31698.560000 26644.687500
1465 387 16361.397500 56048.717500
1466 332 72434.157500 33857.482500
1467 395 45065.525000 84478.925000
1468 389 37860.922500 60388.437500
1469 335 53611.012500 60336.625000
1470 390 15445.792500 75337.255000
1471 385 43796.987500 77620.117500
1472 295 27147.375000 60445.000000
1473 333 68656.822500 27476.027500
1474 422 43761.167500 75660.732500
1475 424 42184.495000 85216.177500
1476 417 11757.900000 5638.435000
1477 300 41413.932500 17122.187500
1478 291 87435.905000 26742.090000
1479 365 81552.067500 72618.282500
1480 318 52564.235000 84616.480000
1481 555 3792.275000 67684.205000
1482 256 25198.625000 28557.030000
1483 359 82896.327500 80539.537500
1484 475 97029.402500 23404.960000
1485 477 70967.997500 56639.940000
1486 430 22434.145000 52984.092500
1487 462 75250.175000 26684.557500
1488 285 77515.262500 59545.370000
1489 529 79174.075000 69535.092500
1490 294 29356.047500 83359.735000
1491 356 67581.507500 48084.045000
1492 361 94925.112500 69591.972500
1493 525 96961.927500 16329.120000
1494 416 79382.430000 40461.182500
1495 453 20795.347500 76810.460000
1496 456 16881.775000 87406.867500
1497 445 77778.657500 82342.485000
1498 373 25288.835000 7271.410000
1499 508 98930.552500 84072.942500
1500 338 81314.667500 23719.072500
1501 404 79713.645000 11711.247500
1502 361 39210.562500 69815.320000
1503 411 68907.505000 83605.550000
1504 438 25639.812500 95752.292500
1505 415 91544.107500 35130.467500
1506 338 92836.430000 7459.652500
1507 384 44687.105000 29914.265000
1508 307 23048.747500 28666.062500
1509 324 24729.787500 11232.725000
1510 540 26333.617500 76565.665000
1511 358 46563.770000 2044.667500
1512 429 33260.615000 70404.845000
1513 288 5074.862500 59162.680000
1514 400 15712.150000 52819.782500
1515 286 92753.600000 1640.257500
1516 425 32093.992500 62256.780000
1517 385 28490.275000 99343.750000
1518 320 88976.480000 74184.100000
1519 399 22531.217500 74689.295000
1520 525 45602.302500 86341.847500
1521 295 25030.242500 98120.197500
1522 352 6521.515000 32472.480000
1523 454 74716.762500 71728.880000
1524 235 22722.245000 82028.865000
1525 352 60399.827500 77322.882500
1526 413 67906.990000 98126.702500
1527 369 23848.892500 5697.030000
1528 413 43014.117500 13035.417500
1529 324 85199.530000 68543.745000
1530 519 52435.925000 80786.227500
1531 358 29358.950000 57910.447500
1532 401 88916.982500 51212.080000
1533 404 462.287500 76976.482500
1534 378 13044.182500 96393.435000
1535 314 35638.795000 88444.592500
1536 266 80409.257500 78037.955000
1537 368 26641.962500 15877.320000
1538 215 15179.902500 72286.382500
1539 294 55495.802500 81784.925000
1540 431 33623.965000 78097.220000
1541 366 36194.532500 86692.792500
1542 276 79876.902500 55257.212500
1543 307 19403.040000 94324.585000
1544 396 87386.802500 49059.660000
1545 250 1257.820000 4086.802500
1546 447 62115.682500 55999.665000
1547 356 26376.922500 24918.550000
1548 307 63785.912500 75097.050000
1549 442 13199.242500 2052.330000
1550 507 18260.187500 20956.240000
1551 294 93031.632500 33128.642500
1552 367 86092.955000 19190.855000
1553 372 15641.502500 93267.955000
1554 474 40315.790000 8085.355000
1555 467 39055.787500 30481.442500
1556 365 47883.347500 16101.290000
1557 439 2515.217500 62256.335000
1558 362 19906.797500 14356.355000
1559 341 49098.690000 58137.370000
1560 389 7756.952500 25068.655000
1561 404 36353.292500 19773.812500
1562 326 51601.705000 44863.095000
1563 531 32382.997500 61864.685000
1564 421 61787.147500 64277.775000
1565 324 82573.380000 64710.407500
1566 443 65744.772500 79935.597500
1567 429 43413.132500 80838.405000
1568 407 23708.915000 59847.385000
1569 214 73439.505000 23892.060000
1570 285 75815.782500 24380.402500
1571 323 88757.032500 60539.475000
1572 362 74042.912500 11627.070000
1573 242 91647.367500 30443.710000
1574 232 45727.115000 38496.050000
1575 401 30567.160000 38159.430000
1576 444 29021.082500 42056.325000
1577 259 73653.345000 23861.815000
1578 397 96668.507500 28495.757500
1579 289 81426.495000 91658.812500
1580 402 58762.202500 52389.172500
1581 355 8105.100000 73211.680000
1582 427 78698.542500 87155.587500
1583 406 68127.695000 90709.002500
1584 373 47594.575000 81194.630000
1585 397 48738.212500 63428.760000
1586 370 94002.237500 49781.520000
1587 425 56631.942500 29398.977500
1588 333 18951.860000 78561.642500
1589 400 3048.380000 63288.797500
1590 394 67575.135000 12253.295000
1591 287 14144.935000 8182.720000
1592 355 76136.475000 48370.665000
1593 345 96262.302500 91902.772500
1594 467 87748.372500 38960.412500
1595 445 56611.895000 20862.972500
1596 411 79604.442500 69732.320000
1597 398 56544.962500 81601.342500
1598 288 96738.772500 9146.212500
1599 350 70151.800000 18421.310000;

end;
