data;

param numFacilities := 50;
param numCustomers := 50;

param : costs capacities facilityXs facilityYs :=
0 25000 15000 152192.208924 152192.208924
1 25000 15000 285493.517124 149288.965761
2 25000 15000 420079.806884 224647.835619
3 25000 15000 437372.063478 225576.815132
4 25000 15000 156385.516814 145834.970363
5 25000 15000 415820.058785 225196.308607
6 25000 15000 439043.451529 219758.815271
7 25000 15000 433704.073413 227506.466207
8 25000 15000 108584.060396 138542.839103
9 25000 15000 259068.237391 142728.116597
10 25000 15000 421942.025400 229097.021349
11 25000 15000 427059.628014 229869.933120
12 25000 15000 430373.334222 229025.543773
13 25000 15000 425678.965651 223518.814959
14 25000 15000 349279.724199 193451.819687
15 25000 15000 250886.529802 141671.107462
16 25000 15000 400957.563698 222239.689311
17 25000 15000 428511.406189 228717.239797
18 25000 15000 394144.260221 214441.420213
19 25000 15000 133762.175488 148869.062245
20 25000 15000 372370.710889 203004.927116
21 25000 15000 326889.921647 150380.324243
22 0 15000 426208.817183 230634.941154
23 25000 15000 413347.049176 213293.188770
24 25000 15000 397181.621620 222304.438355
25 25000 15000 425804.432407 227761.242659
26 25000 15000 13869.918665 116032.257640
27 25000 15000 424214.157011 229337.431994
28 25000 15000 408057.843994 224377.325085
29 25000 15000 382589.681284 157883.759695
30 25000 15000 400813.509077 215874.942261
31 25000 15000 419763.119805 227692.209825
32 25000 15000 388049.082486 210315.414838
33 25000 15000 440635.241318 224093.326947
34 25000 15000 364534.656999 208925.535449
35 25000 15000 389036.849485 218234.965645
36 25000 15000 438956.942400 225279.177619
37 25000 15000 432735.621229 228604.344127
38 25000 15000 5323.077624 110268.563819
39 25000 15000 435024.381375 224823.327118
40 25000 15000 416155.027837 228076.654373
41 25000 15000 399289.164128 219331.893110
42 25000 15000 108169.046939 141628.318372
43 25000 15000 261376.658713 130838.905562
44 25000 15000 0.000000 111130.015030
45 25000 15000 14605.909413 112229.991261
46 25000 15000 57152.525476 122952.996620
47 25000 15000 84192.171394 135873.190151
48 25000 15000 436869.900787 225749.022153
49 25000 15000 374108.020935 213831.238114;

param : demands customerXs customerYs :=
0 146 271151.005415 182500.375666
1 87 271174.282980 182500.367100
2 672 272653.448286 183068.675019
3 1337 278615.098905 185792.508560
4 31 271171.919808 182497.993964
5 559 272088.833862 182850.845727
6 2370 299498.088760 210542.997998
7 1089 275150.105365 184336.629790
8 33 271170.588171 182497.852906
9 32 271172.866541 182498.087512
10 5495 384981.479438 350758.465403
11 904 273573.857303 183499.372217
12 1466 277984.450086 185640.630305
13 143 271249.191655 182527.179443
14 615 271626.545551 182723.533235
15 564 270945.809350 182565.685052
16 226 271246.190730 182535.874275
17 3016 304459.425129 210902.932797
18 253 271255.438576 182552.110364
19 195 271138.710667 182503.679857
20 38 271174.611092 182498.921476
21 807 272119.152605 182940.932799
22 551 271984.604380 182838.821932
23 304 271508.526580 182626.633328
24 814 272086.401300 182958.564773
25 337 271545.067755 182642.354065
26 4368 138913.722852 319998.074087
27 577 272119.695827 182882.355341
28 482 271724.830902 182717.709849
29 495 272119.174945 182889.512720
30 231 271324.011012 182555.877290
31 322 271467.483130 182612.832313
32 685 272362.909358 182967.077574
33 12912 1023576.350320 386508.808826
34 325 271295.170638 182561.432614
35 366 271310.126920 182581.645348
36 3671 347929.340246 313633.087356
37 2213 289858.502908 192359.836422
38 705 268249.497965 182293.985540
39 328 271597.606688 182671.305027
40 1681 277709.345739 185415.116959
41 1117 272815.192885 183551.075230
42 275 270963.686490 182488.121333
43 500 271414.934524 182640.245567
44 2241 233977.375244 184630.309424
45 733 268134.406226 182363.461472
46 222 270974.127077 182491.595078
47 49 271168.623760 182497.789218
48 1464 280174.524088 186490.521734
49 222 271225.764587 182526.948735;

end;
