data;

param numFacilities := 50;
param numCustomers := 200;

param : costs capacities facilityXs facilityYs :=
0 9730 4765 128659.972500 95787.725000
1 7582 4800 46093.072500 59675.055000
2 9211 5543 13670.385000 88631.495000
3 8448 5016 132462.040000 198056.107500
4 7591 4924 46535.495000 84473.490000
5 8264 4775 123240.492500 125211.000000
6 9295 5099 116701.790000 105248.172500
7 8343 4879 158406.597500 5504.750000
8 9711 5702 176469.007500 63000.005000
9 7772 6183 160848.927500 89190.740000
10 9005 5156 186069.155000 194381.770000
11 8550 5699 89937.457500 145752.555000
12 8972 3467 29639.290000 72496.570000
13 8464 4826 68815.360000 160549.617500
14 8918 4522 114580.142500 77546.310000
15 8585 4471 132821.447500 131862.950000
16 8279 5190 149540.807500 132840.930000
17 9233 5426 145388.370000 39997.812500
18 4867 4633 30882.852500 51418.652500
19 6912 6794 44955.902500 103012.872500
20 7691 5302 35255.532500 35755.062500
21 8726 4992 124526.135000 119835.265000
22 8463 4445 135498.062500 104456.497500
23 8856 4483 49323.762500 104618.180000
24 9532 5686 83653.052500 97374.385000
25 8350 5352 38046.277500 33185.755000
26 9203 4562 108753.235000 47770.225000
27 9903 5514 58957.410000 41167.495000
28 9367 4065 145495.382500 41898.240000
29 9041 5043 91396.095000 86844.742500
30 8324 4905 150271.187500 2298.212500
31 7538 5580 164872.905000 156154.517500
32 6097 5184 20212.382500 52470.887500
33 8157 5346 35303.330000 64466.845000
34 9422 6218 98910.340000 46095.445000
35 6490 5759 49894.905000 170068.307500
36 7304 4149 29989.115000 84078.345000
37 7455 5329 59664.480000 88907.045000
38 8337 4535 22323.797500 47232.977500
39 8898 5023 76526.510000 58949.082500
40 7534 5958 60466.480000 37621.397500
41 6667 5728 73736.407500 141903.482500
42 7514 5022 125770.095000 16312.312500
43 10025 4575 144743.585000 10229.747500
44 7043 5431 119970.895000 149749.660000
45 9121 5652 132053.652500 93445.977500
46 6987 4090 133735.372500 4699.187500
47 8300 5779 55834.182500 147085.037500
48 9613 5546 147519.142500 134103.595000
49 6262 5364 164479.352500 192216.107500;

param : demands customerXs customerYs :=
0 270 155605.372500 39123.867500
1 265 79566.370000 87796.535000
2 427 19535.840000 130369.422500
3 394 31568.010000 7981.377500
4 369 133210.275000 67275.527500
5 225 136077.482500 142225.580000
6 253 99035.890000 32157.282500
7 381 113101.882500 187373.042500
8 297 178431.097500 99174.110000
9 499 97693.380000 108622.270000
10 469 61612.110000 177233.915000
11 250 108355.672500 17984.205000
12 408 71756.060000 149518.395000
13 354 72454.765000 94866.710000
14 323 156424.522500 195015.137500
15 548 116084.757500 177295.725000
16 232 160457.227500 128043.002500
17 378 102419.697500 64388.595000
18 356 148599.907500 3238.372500
19 389 136301.040000 99968.302500
20 474 129213.095000 94885.312500
21 366 80072.835000 126606.627500
22 461 155395.562500 80213.880000
23 459 91889.937500 46844.475000
24 388 175282.682500 110309.542500
25 338 68145.360000 177367.187500
26 297 28082.467500 108863.000000
27 494 185358.392500 86828.545000
28 344 22061.772500 35984.755000
29 428 81426.050000 87943.492500
30 258 71820.887500 100041.432500
31 491 171463.105000 27894.732500
32 331 189178.422500 93970.770000
33 571 32629.367500 39238.527500
34 445 173147.835000 170844.035000
35 468 44070.052500 71427.857500
36 318 148254.535000 63697.247500
37 454 157154.132500 85820.347500
38 507 138022.937500 46496.430000
39 510 25907.057500 8763.820000
40 384 24865.290000 48949.687500
41 388 71968.762500 6673.455000
42 312 11574.330000 158588.840000
43 481 197046.377500 21192.037500
44 427 9612.785000 96037.347500
45 401 47802.437500 119917.350000
46 383 67792.592500 48347.557500
47 331 33590.715000 17871.095000
48 392 81384.322500 121483.252500
49 489 154996.700000 104185.372500
50 579 100030.067500 47074.570000
51 486 134525.527500 163448.007500
52 435 84218.960000 122126.497500
53 362 34073.690000 46299.622500
54 472 24456.455000 163066.775000
55 455 116433.717500 128876.957500
56 407 166798.360000 81494.545000
57 424 143151.145000 153980.037500
58 258 102518.212500 74700.590000
59 567 42874.865000 196629.645000
60 302 175657.542500 143627.172500
61 482 56447.327500 162885.400000
62 533 118415.162500 137471.597500
63 328 151106.907500 21015.847500
64 479 196499.285000 108053.525000
65 480 52688.097500 82204.090000
66 315 190364.882500 49274.057500
67 445 110640.707500 82525.870000
68 389 45653.887500 475.897500
69 300 144747.992500 78379.647500
70 498 152614.475000 29094.990000
71 386 26764.242500 66255.087500
72 345 76856.172500 138312.272500
73 318 79512.752500 42200.132500
74 383 125875.397500 5676.252500
75 365 106013.335000 119635.482500
76 513 196034.480000 28801.310000
77 515 39584.120000 174285.602500
78 330 117579.952500 101107.550000
79 350 89004.322500 111123.035000
80 507 57722.827500 2095.590000
81 441 7113.115000 145392.800000
82 368 149304.880000 173219.417500
83 303 86529.067500 102517.402500
84 460 188525.677500 166907.692500
85 343 87068.355000 106732.385000
86 427 81857.357500 109348.157500
87 444 125348.030000 94754.170000
88 337 96350.247500 36619.715000
89 331 198625.142500 112358.697500
90 362 157421.405000 1501.830000
91 444 2332.187500 96835.512500
92 338 110295.040000 132744.680000
93 275 78623.215000 42566.077500
94 513 21253.327500 18681.492500
95 418 15794.120000 161981.772500
96 381 75360.235000 86427.530000
97 484 70302.915000 3702.462500
98 286 154321.257500 152605.730000
99 415 129006.010000 180797.730000
100 401 39488.770000 151657.797500
101 407 113001.260000 106845.797500
102 286 87961.622500 68594.277500
103 380 162520.477500 135590.245000
104 409 184705.867500 139551.030000
105 437 116357.552500 154659.777500
106 371 4005.597500 94240.397500
107 298 165815.820000 136482.855000
108 423 194282.505000 105505.442500
109 298 76539.012500 161328.785000
110 321 188859.802500 41999.350000
111 304 194773.860000 112922.945000
112 438 56195.022500 142231.260000
113 467 7314.137500 178413.117500
114 519 128615.540000 135847.075000
115 410 71992.937500 107573.730000
116 277 154515.525000 19563.217500
117 709 20435.110000 0.000000
118 487 126958.550000 7761.350000
119 229 168874.070000 131483.272500
120 284 47011.627500 180804.217500
121 390 150342.627500 42899.327500
122 357 90521.330000 14130.960000
123 426 12337.717500 159796.392500
124 372 72890.390000 160970.600000
125 530 114674.992500 135435.765000
126 405 194479.660000 50486.200000
127 402 12437.862500 172264.667500
128 419 39842.555000 52324.862500
129 358 99554.022500 161364.887500
130 431 13562.085000 38531.372500
131 432 80545.325000 54943.602500
132 457 143905.382500 20605.107500
133 448 76059.220000 143572.035000
134 251 41856.660000 140737.535000
135 453 112857.122500 156289.452500
136 384 177216.730000 108666.277500
137 181 65573.525000 134515.392500
138 236 176394.045000 94871.512500
139 420 8647.117500 44022.240000
140 364 3846.977500 14788.227500
141 517 143433.395000 56793.055000
142 503 63008.342500 112303.120000
143 363 150259.607500 79270.985000
144 381 138302.190000 63364.417500
145 416 133583.052500 41069.647500
146 482 117642.332500 27120.702500
147 343 72229.495000 132858.305000
148 474 47212.700000 136032.392500
149 281 197439.155000 113112.865000
150 547 57551.312500 183169.675000
151 479 10341.120000 47576.665000
152 298 98459.695000 71617.287500
153 418 179679.802500 85188.170000
154 416 134008.182500 84876.217500
155 634 170618.580000 175914.520000
156 474 161168.870000 117008.167500
157 354 11451.860000 13846.700000
158 477 117709.285000 56056.115000
159 452 191342.495000 158613.852500
160 433 23895.365000 43506.927500
161 391 107161.702500 127479.520000
162 290 164118.720000 181037.142500
163 599 179334.850000 197061.802500
164 351 191092.922500 15828.067500
165 608 66048.150000 47887.605000
166 410 130074.947500 166995.005000
167 321 95310.457500 82592.030000
168 373 86577.962500 17945.252500
169 390 192120.785000 186822.457500
170 349 6372.105000 99730.917500
171 374 81354.505000 130958.112500
172 378 71576.342500 197932.660000
173 228 152715.627500 164036.737500
174 478 52407.852500 33491.182500
175 323 151556.845000 33271.395000
176 335 5229.445000 173940.387500
177 423 152576.215000 174642.545000
178 290 130464.532500 150396.697500
179 375 35844.865000 70466.212500
180 378 47930.487500 73945.297500
181 356 17565.770000 87286.217500
182 343 186019.845000 124278.367500
183 407 49171.460000 149785.507500
184 304 133702.812500 48642.250000
185 538 151597.950000 95097.460000
186 361 134796.247500 186089.767500
187 306 174903.210000 150243.057500
188 501 90971.760000 140377.625000
189 451 183096.097500 115620.127500
190 480 190367.560000 124030.400000
191 427 32121.140000 27848.647500
192 395 121855.947500 119364.880000
193 457 121860.070000 8860.762500
194 282 89063.287500 167132.365000
195 340 174048.942500 161392.572500
196 521 195197.675000 58734.080000
197 390 64409.250000 39565.745000
198 436 133994.605000 170537.922500
199 387 138678.682500 72131.137500;

end;
