data;

param numFacilities := 500;
param numCustomers := 1000;

param : costs capacities facilityXs facilityYs :=
0 12163 5162 4942.545000 65886.380000
1 11069 5689 54392.615000 3189.477500
2 11896 5851 50320.425000 78805.242500
3 10262 4442 14112.515000 84661.257500
4 12820 3788 32755.667500 14591.082500
5 10939 5338 66170.797500 14163.202500
6 11784 4299 26571.152500 14852.032500
7 11779 3455 30300.067500 28314.202500
8 14229 5006 48555.485000 7214.945000
9 12683 5381 62362.202500 5778.190000
10 12063 5196 15658.782500 1350.272500
11 11300 5441 47816.445000 65252.580000
12 12714 3646 22238.375000 3061.510000
13 12616 4837 25085.482500 97595.145000
14 9562 5352 23803.737500 13764.387500
15 12731 5610 25070.312500 9276.777500
16 9837 4589 97910.037500 44573.915000
17 10967 3856 8912.622500 76084.287500
18 10221 5937 11491.835000 79624.070000
19 12450 4721 9334.890000 37515.930000
20 12082 3856 36089.252500 42732.742500
21 12017 5718 86584.920000 12553.437500
22 12758 5644 95307.135000 9717.945000
23 11782 4742 69512.635000 80983.460000
24 12495 5991 38798.442500 58892.252500
25 13391 4076 37757.915000 48479.850000
26 13719 5646 6682.177500 34135.912500
27 12349 4281 74636.247500 24457.705000
28 12821 4149 75361.105000 42755.142500
29 13190 4745 76808.550000 24959.552500
30 12370 4013 87352.665000 69556.552500
31 12461 3702 67880.827500 48938.127500
32 12375 4754 20374.220000 92696.872500
33 13031 5467 70689.082500 754.000000
34 12653 5197 61134.535000 97750.880000
35 10984 5804 10662.797500 92576.105000
36 11780 4328 81270.930000 59224.187500
37 12681 5619 24335.012500 21149.092500
38 13266 4653 40644.367500 36323.682500
39 9956 5235 51502.732500 91506.460000
40 14624 4881 75915.772500 43269.660000
41 12666 5839 98843.162500 50858.655000
42 11945 4957 25665.585000 40166.175000
43 11398 6563 58855.780000 68332.530000
44 11242 4855 36891.610000 17708.237500
45 10371 5407 39019.750000 68801.620000
46 10423 3909 85038.405000 11330.180000
47 13035 7144 73691.152500 12564.257500
48 11609 5086 36526.537500 18737.615000
49 11183 5149 44011.235000 42186.935000
50 10460 4418 27346.967500 41730.955000
51 12828 3612 4271.555000 176.262500
52 15503 4839 32559.060000 72607.772500
53 12783 4760 83774.317500 88653.652500
54 10352 5838 28470.895000 54031.600000
55 13774 4570 31373.845000 74059.442500
56 11787 4748 20768.835000 18076.532500
57 12295 4385 17136.260000 94386.840000
58 12150 5231 18690.285000 75471.500000
59 11099 4208 71997.285000 80043.537500
60 12741 7004 34928.085000 306.155000
61 12347 6012 34056.320000 63104.832500
62 11438 6966 82750.157500 14859.710000
63 12926 6305 79558.532500 97978.732500
64 9189 4263 26977.187500 80423.497500
65 9564 4497 18509.320000 18017.490000
66 12158 6026 57904.255000 69228.810000
67 13602 5164 63441.407500 41726.720000
68 13839 3758 36030.762500 73315.860000
69 10669 5726 70888.237500 81819.515000
70 12596 4098 21282.235000 69688.062500
71 13194 4257 16870.130000 46272.887500
72 11070 4865 39247.912500 40976.307500
73 9996 4543 29695.452500 14679.967500
74 12587 5040 15547.477500 30488.245000
75 11727 4683 52876.082500 77161.130000
76 12345 5274 33595.972500 17205.332500
77 14452 5659 733.585000 76317.425000
78 12677 5121 24869.362500 19762.502500
79 9053 4731 9579.282500 71934.787500
80 11711 4995 5036.530000 53529.962500
81 12388 5426 168.657500 60469.230000
82 11764 5337 33413.672500 88786.807500
83 12526 3924 76108.672500 85673.962500
84 11491 4404 54183.557500 35493.972500
85 11502 5658 39145.927500 67335.080000
86 8532 5085 48806.585000 24605.585000
87 12694 5246 92470.827500 73138.275000
88 13507 4087 75734.280000 51585.422500
89 12271 6368 40873.055000 76793.357500
90 10842 5362 64014.442500 99100.775000
91 12592 5529 89362.492500 91970.702500
92 10402 3962 29921.395000 8022.135000
93 12234 4192 59755.782500 4502.962500
94 12440 6154 41127.142500 18230.997500
95 12712 5070 17224.647500 51998.987500
96 10758 4541 33200.762500 77673.530000
97 13737 5842 40765.567500 54405.392500
98 12942 5722 49141.585000 90901.387500
99 13619 4533 95679.667500 29841.467500
100 11374 4277 69322.485000 52964.385000
101 11537 4944 10884.790000 61133.747500
102 11837 4243 91652.150000 10975.452500
103 11589 5477 15104.337500 21410.845000
104 14076 5094 28888.220000 61904.162500
105 9793 3515 74697.312500 13016.490000
106 11853 4415 43002.620000 37278.607500
107 13734 3994 3859.675000 74808.577500
108 13136 4811 88096.707500 82932.000000
109 13050 6257 17107.312500 99756.840000
110 13686 5640 30239.852500 2391.635000
111 11268 5057 90367.862500 3228.647500
112 13429 5564 75726.170000 12277.400000
113 12784 5777 29931.290000 46770.535000
114 12269 4978 3742.187500 51349.832500
115 12191 5824 62668.637500 75382.475000
116 12673 5796 9413.985000 65344.540000
117 12485 4026 8568.987500 62674.837500
118 13015 3368 95898.287500 86464.180000
119 10880 5278 7107.900000 8655.077500
120 12324 5985 43154.012500 27836.042500
121 11460 4909 68291.540000 40916.685000
122 12718 6286 98591.127500 38909.182500
123 11394 4166 66188.952500 90732.317500
124 7342 6004 85273.195000 98029.367500
125 14190 5223 42611.335000 45183.380000
126 13497 4710 71058.775000 62741.775000
127 11339 3823 18702.330000 59608.092500
128 11357 5999 62276.110000 31360.092500
129 12057 5039 73650.065000 6012.902500
130 13457 6327 90782.842500 11443.737500
131 10315 5224 79666.900000 71000.385000
132 10120 5246 22361.337500 48409.880000
133 13385 4621 85605.835000 22356.910000
134 14265 5456 92969.355000 57916.132500
135 12373 5864 38367.835000 50807.452500
136 12280 4338 17187.860000 89059.507500
137 12286 3240 58710.982500 27245.345000
138 12607 5465 62205.250000 41912.697500
139 10634 6888 98814.720000 91773.157500
140 9957 6170 52874.132500 61796.517500
141 12494 5411 60366.087500 5839.985000
142 12895 5596 75199.190000 56944.857500
143 10623 5268 71992.212500 86127.957500
144 10304 4504 38994.782500 76295.047500
145 12146 4756 92626.212500 97125.052500
146 12956 4748 41688.832500 61613.305000
147 11587 5068 38001.612500 34263.755000
148 12778 4420 36135.662500 76239.760000
149 11833 3676 80747.655000 72402.285000
150 11812 4156 43730.477500 51989.665000
151 11352 5251 47572.302500 30974.290000
152 12965 5176 62672.197500 90280.835000
153 12511 5267 86402.957500 86179.025000
154 13629 3478 79987.345000 58225.757500
155 11858 4919 40426.060000 41290.660000
156 13052 5322 87923.805000 889.970000
157 11236 6071 22143.975000 50174.210000
158 13134 4366 75843.297500 28009.242500
159 11046 4731 72696.905000 2116.407500
160 12417 5320 2842.545000 90025.625000
161 13175 5015 92843.052500 21384.302500
162 11108 4193 87884.432500 10405.135000
163 13238 5002 5800.260000 30227.990000
164 10986 3991 33037.480000 22914.625000
165 14675 4930 16458.687500 46862.362500
166 13456 6322 95891.930000 9996.222500
167 12636 4562 91650.702500 30562.070000
168 11895 6307 10964.147500 38346.462500
169 11150 5760 88487.702500 4277.967500
170 11767 4839 48899.692500 43815.640000
171 11345 5611 95374.452500 25781.067500
172 12412 3964 87317.487500 87691.085000
173 10070 6643 86506.315000 75943.300000
174 11408 4888 1025.537500 99197.287500
175 12942 3591 8691.572500 54519.000000
176 11709 5399 83547.602500 45003.187500
177 10079 4984 44187.825000 27371.057500
178 9999 4338 90168.845000 888.510000
179 12945 4427 74393.920000 76460.327500
180 13608 6233 8332.910000 47858.910000
181 9906 4946 96963.255000 27079.542500
182 11036 4460 62895.157500 22368.160000
183 11124 5612 5961.275000 1602.112500
184 11823 3374 73746.150000 74569.835000
185 11348 6263 20069.542500 93957.572500
186 12291 3573 31435.492500 21945.865000
187 11097 6155 69643.977500 41372.935000
188 13322 3827 29969.465000 48792.300000
189 14171 5417 5168.187500 82670.650000
190 11030 5553 13177.030000 11823.517500
191 14314 5103 2374.610000 10085.132500
192 9287 5989 61718.232500 33353.250000
193 13738 5885 68998.850000 98248.715000
194 13170 5049 30845.352500 89034.865000
195 13942 4119 80835.990000 88835.327500
196 11384 4691 26214.232500 8734.897500
197 12435 5139 10258.592500 65148.305000
198 11138 5367 90817.357500 30416.002500
199 11674 4168 80137.340000 92799.817500
200 12524 3139 66088.327500 22149.390000
201 12050 3897 18269.792500 25426.400000
202 10815 4594 73678.105000 37321.710000
203 10640 6377 16706.115000 58208.665000
204 11088 4807 45607.012500 72997.060000
205 13490 7264 2285.072500 6034.825000
206 11600 3798 11017.215000 59710.290000
207 12355 4910 8916.182500 86385.130000
208 11692 3508 83432.875000 47267.095000
209 11076 4519 55210.367500 2468.752500
210 11955 5871 54299.390000 32504.642500
211 12809 4382 62246.715000 83286.310000
212 10587 6243 49174.807500 79625.190000
213 10515 5097 95037.022500 76943.970000
214 13093 3872 43854.807500 9982.105000
215 11906 4859 36515.057500 54489.745000
216 11686 4566 34072.115000 7742.405000
217 9764 4950 23533.697500 96444.772500
218 11530 5514 7112.810000 95094.700000
219 12505 5923 26194.027500 23234.577500
220 12353 5481 32884.415000 5004.642500
221 11308 4778 80388.127500 76628.140000
222 12302 4604 89810.212500 64427.045000
223 11349 5281 16248.685000 66521.467500
224 8847 4426 78420.567500 77179.242500
225 12239 4548 25222.697500 3324.495000
226 11268 4612 41139.080000 74372.202500
227 9869 4464 75426.412500 77382.675000
228 11775 4660 72480.835000 52719.982500
229 9533 4532 6527.867500 94751.937500
230 12052 5116 86195.712500 33383.832500
231 14172 5933 44980.827500 86193.135000
232 11763 3599 38496.715000 39892.405000
233 11644 5321 23798.412500 39300.085000
234 11274 5642 77819.887500 72737.192500
235 11457 4253 18746.030000 21250.075000
236 14220 5332 36251.947500 49970.567500
237 12670 5008 47218.677500 95601.997500
238 12202 5011 95635.465000 1748.142500
239 13213 7867 12247.360000 99199.470000
240 12913 5958 27289.755000 33326.972500
241 9430 5042 68669.000000 34802.420000
242 11738 5207 90019.785000 21419.987500
243 12469 3429 90262.320000 86995.900000
244 12583 4688 62020.675000 18451.877500
245 14421 5488 16251.282500 1675.687500
246 12268 4340 11410.507500 28975.620000
247 11698 3525 11519.887500 85669.387500
248 12027 5234 63361.327500 23752.825000
249 12731 5304 21656.422500 89671.740000
250 12585 4785 48296.535000 9862.627500
251 11193 4653 33178.445000 66492.632500
252 10930 5401 69019.895000 85365.195000
253 11738 6077 21787.040000 44429.800000
254 10673 4536 27215.087500 98266.022500
255 12561 5411 68494.370000 83874.692500
256 12249 4838 8888.715000 37280.805000
257 10958 5093 37258.755000 14532.925000
258 12175 4732 94508.700000 65841.352500
259 11564 5507 14436.682500 44413.390000
260 11838 5676 63936.527500 52597.077500
261 12221 4407 28496.590000 64469.617500
262 14019 4084 34569.317500 85491.912500
263 10870 5602 25763.562500 39479.062500
264 11290 5026 2236.392500 4024.950000
265 9494 4837 41203.962500 61737.137500
266 11022 6104 99151.117500 80554.362500
267 11719 3486 24660.432500 61813.572500
268 11508 4674 95380.532500 16339.965000
269 12394 5624 93660.455000 40677.942500
270 13168 3136 79746.442500 75549.965000
271 13549 4894 89280.190000 72641.380000
272 13271 4956 71055.645000 99280.100000
273 11332 4859 87923.045000 7507.335000
274 11855 5968 36846.270000 32595.740000
275 13799 5066 83307.897500 67204.462500
276 13335 5935 40725.752500 96531.177500
277 10263 4475 82015.112500 66237.132500
278 13548 3338 68985.580000 78773.985000
279 13392 4133 6721.090000 61796.482500
280 12295 4244 53777.032500 87557.297500
281 9943 5666 53960.197500 55014.677500
282 12909 4530 43692.832500 95051.762500
283 13798 4040 48296.392500 86986.377500
284 12980 4789 63174.145000 20369.237500
285 8934 4578 50839.162500 18330.830000
286 13406 5108 32143.890000 27485.570000
287 9990 4495 31464.985000 12447.087500
288 12100 4794 27167.910000 42522.297500
289 11321 4992 41299.345000 64065.127500
290 13769 5072 12361.610000 79346.590000
291 9849 3871 2924.202500 87656.597500
292 12007 3801 71236.630000 40621.462500
293 12095 5136 48390.165000 6495.630000
294 13576 4127 77155.492500 50067.442500
295 12700 4967 60374.710000 86607.962500
296 9475 5766 62364.682500 48432.145000
297 10446 3988 97044.522500 54305.840000
298 12832 4581 60837.120000 58505.345000
299 12171 4884 41204.567500 44861.442500
300 11799 4647 33201.007500 2601.372500
301 12835 5463 97546.560000 58796.937500
302 10784 5053 33941.550000 95323.117500
303 10996 4081 32108.070000 53625.060000
304 11569 4795 72424.787500 77251.757500
305 12180 5142 37836.737500 18249.700000
306 10928 6066 1598.082500 47407.185000
307 13681 4400 28387.762500 72522.195000
308 10915 5300 37771.360000 77125.447500
309 9773 5783 99141.910000 1120.430000
310 11052 5810 23333.260000 40751.480000
311 10438 4903 76358.742500 11673.065000
312 11909 4748 93954.545000 11607.017500
313 13179 4413 91100.102500 59129.947500
314 10613 3915 49238.100000 99267.390000
315 11433 5065 42138.192500 31565.170000
316 13248 6114 69652.485000 91391.967500
317 11861 4564 57942.812500 63291.590000
318 9464 4744 29524.782500 2325.127500
319 14058 5527 30022.690000 97391.855000
320 11100 3605 87434.477500 59497.922500
321 11985 5980 29375.702500 85872.457500
322 9427 4253 67051.890000 78089.120000
323 12031 3597 64054.055000 4903.652500
324 11509 5029 2827.302500 47289.415000
325 12371 5163 56670.747500 33279.092500
326 10480 4791 37185.317500 90375.622500
327 11941 6242 40846.507500 72734.110000
328 14922 4071 25696.900000 85562.272500
329 13878 5399 11098.415000 83662.475000
330 11683 5126 4160.132500 22427.495000
331 9715 5145 6263.590000 889.962500
332 10830 4325 20305.692500 24596.227500
333 12365 5332 50972.237500 45992.262500
334 11261 5279 48620.947500 57035.800000
335 11592 4852 13084.160000 59619.710000
336 11128 5736 69158.257500 97804.147500
337 11245 4393 56299.320000 32051.797500
338 13456 4821 89329.467500 12702.677500
339 13891 4023 83137.237500 51554.375000
340 12057 5102 96133.657500 92427.807500
341 12976 4945 58032.920000 71353.857500
342 11955 4857 50197.870000 10941.305000
343 12953 5026 9071.325000 2015.497500
344 9979 6286 23481.030000 78907.347500
345 12523 4644 75986.537500 47232.745000
346 10996 4903 6145.497500 38288.865000
347 11227 3122 5104.080000 16132.215000
348 10602 5807 13256.075000 45283.590000
349 12052 5117 66267.155000 24465.357500
350 10391 5212 55422.165000 2463.815000
351 12658 5029 36456.722500 89011.270000
352 12872 4623 30969.572500 67947.875000
353 12873 5422 55727.990000 74293.197500
354 13251 3956 48976.937500 10674.217500
355 13105 5970 6340.555000 28346.760000
356 12748 4363 47415.785000 21147.060000
357 12783 4628 25626.662500 13168.285000
358 12174 5434 55876.195000 7535.892500
359 11776 4935 88713.275000 99039.707500
360 11548 5373 31753.210000 14841.607500
361 12766 5905 57347.875000 31184.237500
362 11851 6416 17757.472500 53699.017500
363 12674 4813 93823.902500 12969.330000
364 12102 4187 96278.747500 45585.575000
365 11347 4102 24529.805000 83576.197500
366 12977 4890 79719.875000 27408.292500
367 13204 6073 53615.780000 52257.690000
368 11069 4260 86182.540000 76775.545000
369 11490 5164 50062.032500 28529.902500
370 9774 4798 74024.662500 62433.262500
371 10804 7266 19841.405000 34800.207500
372 12182 4081 51938.965000 7462.615000
373 10620 3968 47390.297500 41829.695000
374 11755 5493 2057.490000 55999.740000
375 11776 3797 97020.837500 12444.060000
376 13330 6475 81874.802500 69141.487500
377 11779 3842 12045.662500 35099.272500
378 13803 4393 35890.342500 59088.312500
379 12868 4894 60360.377500 71117.710000
380 14677 5470 31870.155000 15995.542500
381 11115 5638 31746.505000 70267.257500
382 12193 5936 18410.280000 74814.912500
383 12415 3878 88654.407500 16108.535000
384 12617 4390 13708.440000 83649.517500
385 10862 5402 61636.687500 45099.470000
386 11760 7434 30426.917500 42064.167500
387 12734 5813 82263.025000 21250.197500
388 12131 5950 42823.397500 92751.755000
389 13440 4889 94844.067500 7735.487500
390 11690 5757 69353.280000 13995.372500
391 10921 7381 41737.252500 10676.955000
392 12974 5431 52821.927500 33997.432500
393 11552 5382 93489.145000 60132.412500
394 12490 4219 57567.305000 64701.107500
395 10036 3970 43467.667500 93485.830000
396 10587 4903 51454.492500 97762.852500
397 13197 5390 41387.500000 20218.942500
398 10650 4826 84870.655000 20521.875000
399 11803 3988 62216.090000 81781.200000
400 12128 4823 44971.710000 44601.152500
401 12314 4800 60340.115000 39940.220000
402 11057 5662 11684.985000 74521.375000
403 8861 4695 45317.660000 3568.967500
404 10228 4650 64516.442500 85494.075000
405 11948 4410 6737.367500 61222.062500
406 9025 5256 36609.602500 22838.065000
407 13684 5458 45261.760000 42379.872500
408 9887 5528 75953.027500 32610.720000
409 13257 3715 24077.717500 22218.892500
410 12064 5231 12518.720000 26566.007500
411 10500 3807 47431.167500 45132.012500
412 10870 5065 99481.125000 15911.865000
413 11096 4638 77550.107500 96728.567500
414 12590 5796 90715.282500 53265.620000
415 12092 4449 62297.982500 79866.010000
416 13469 3933 58819.475000 86283.970000
417 10419 4288 68572.795000 63319.550000
418 12862 5789 83752.147500 35585.165000
419 12258 5359 333.627500 32157.162500
420 12973 4998 81210.380000 10648.777500
421 11535 3849 87424.280000 83697.980000
422 12365 5381 18899.815000 56603.262500
423 12610 4165 10187.680000 7071.212500
424 10611 4942 62949.297500 22708.867500
425 13227 4929 73698.545000 35468.275000
426 9870 5510 46822.947500 71276.210000
427 13601 3816 11067.200000 41925.657500
428 12027 6302 74604.167500 62505.100000
429 11456 3702 75593.567500 84658.697500
430 10250 5265 1897.442500 16054.667500
431 11651 4288 60355.487500 44283.440000
432 11505 6718 68629.092500 82717.250000
433 11569 5320 41438.887500 82058.025000
434 12897 4529 9059.680000 15685.140000
435 13627 4470 33551.165000 6534.940000
436 13106 4413 38986.410000 42296.385000
437 11364 4084 92008.287500 25498.400000
438 11462 4624 62301.282500 41951.480000
439 11519 5320 42499.252500 22382.375000
440 10647 4420 45235.100000 30884.240000
441 10585 4443 66384.942500 86508.800000
442 12060 4808 41088.107500 56558.155000
443 13511 5605 5895.845000 85086.247500
444 13945 5912 22904.065000 93638.995000
445 12170 5949 75966.120000 68809.647500
446 11585 4305 30032.415000 1080.377500
447 11162 6133 78855.687500 76249.815000
448 11045 5824 71359.762500 91626.515000
449 12374 4986 1336.712500 61143.802500
450 12704 4660 50168.787500 39782.575000
451 10901 4674 49255.597500 75276.860000
452 10414 4844 33106.892500 88980.332500
453 10419 5298 42953.625000 37023.882500
454 12420 5643 78498.120000 69312.002500
455 10813 4913 64594.715000 35196.680000
456 13154 4918 34489.555000 14864.192500
457 11326 5194 22840.235000 89450.027500
458 9613 4676 6928.560000 38381.360000
459 14722 6217 21550.582500 88787.097500
460 10411 6855 56061.012500 3074.835000
461 12993 4812 48556.162500 45309.822500
462 13154 6061 70384.560000 64312.030000
463 11764 5070 38436.057500 39125.692500
464 11777 5125 96738.842500 72437.120000
465 11921 5521 50924.510000 67331.520000
466 10894 5162 22087.905000 65540.832500
467 15073 3363 55195.242500 6895.322500
468 12805 6292 96756.107500 24782.905000
469 12765 4075 42787.455000 1378.827500
470 13462 5959 31677.772500 12765.265000
471 14833 5562 62715.472500 48422.607500
472 12442 4969 29306.105000 30617.250000
473 10866 6307 96535.660000 78275.277500
474 13607 4921 93883.582500 94283.190000
475 11422 4073 93389.652500 88707.690000
476 12001 5681 5497.295000 14139.057500
477 10903 3482 33809.940000 17006.617500
478 12265 5220 39721.997500 81524.225000
479 12113 4861 27033.762500 68590.310000
480 11376 4131 41726.617500 64700.507500
481 13016 4946 47001.600000 83723.422500
482 14596 3511 85615.235000 52383.432500
483 11754 4467 19431.257500 99151.645000
484 12432 5632 74318.335000 74661.617500
485 11344 4681 66487.177500 32738.635000
486 11907 3627 18802.437500 31735.632500
487 12074 3966 93725.762500 77997.557500
488 13987 3875 41361.945000 72031.770000
489 12941 5330 11568.455000 19738.952500
490 10794 5268 29983.460000 12932.922500
491 11712 4686 94629.297500 82674.427500
492 12320 5278 68177.187500 2545.022500
493 13211 7265 34320.690000 14556.435000
494 13483 4764 82428.167500 12141.162500
495 11556 5804 34280.197500 13285.232500
496 11066 4912 19699.365000 44257.037500
497 12563 4884 10270.302500 60721.987500
498 10943 5176 88590.980000 7159.737500
499 12568 3637 33356.047500 87724.392500;

param : demands customerXs customerYs :=
0 801 29985.855000 47097.832500
1 943 67523.035000 50430.702500
2 1214 85953.392500 33071.620000
3 1162 29144.825000 72563.010000
4 993 16803.357500 13187.110000
5 1042 21347.025000 28014.447500
6 1262 79419.470000 55515.157500
7 820 29622.752500 71837.705000
8 1232 73825.055000 24323.250000
9 1167 90601.732500 39112.757500
10 878 44646.350000 28546.442500
11 973 31695.527500 90775.695000
12 1230 76737.365000 68771.070000
13 947 63133.777500 97779.532500
14 1024 78791.575000 38414.182500
15 944 83144.850000 35974.802500
16 1140 91789.867500 50698.912500
17 978 66534.342500 86680.355000
18 1185 30153.002500 74435.512500
19 787 38796.980000 80756.205000
20 701 37869.702500 77282.795000
21 1319 64686.605000 38784.245000
22 913 88337.892500 10767.172500
23 966 4353.420000 54022.925000
24 1197 17706.092500 6066.100000
25 713 88826.307500 41008.980000
26 1624 41386.667500 22869.425000
27 786 39983.987500 98886.262500
28 1077 42568.815000 79554.125000
29 671 60757.425000 78066.622500
30 1120 666.142500 3808.130000
31 1009 42079.902500 61469.355000
32 1104 25619.732500 43128.372500
33 1169 53220.262500 41008.150000
34 819 31945.462500 98837.825000
35 976 12313.467500 38257.702500
36 996 81778.180000 58208.102500
37 1088 62290.440000 51565.745000
38 553 2817.007500 5279.412500
39 954 6756.460000 81323.410000
40 778 14891.665000 56383.012500
41 1034 67813.732500 34485.427500
42 1150 51558.555000 38117.390000
43 1236 97898.060000 71604.250000
44 1177 81449.080000 3260.562500
45 1081 40197.485000 68271.575000
46 1040 20102.045000 28303.020000
47 432 81679.530000 30961.450000
48 1131 10385.730000 14883.495000
49 804 31804.197500 29283.327500
50 987 4707.057500 64003.922500
51 1105 22975.607500 60941.745000
52 1007 14415.072500 62809.470000
53 1059 3727.765000 80536.267500
54 1259 87049.095000 96782.235000
55 1363 41120.272500 51502.715000
56 1057 76998.887500 14823.345000
57 1111 68009.252500 38807.495000
58 1088 37661.215000 46738.937500
59 995 77019.907500 92030.062500
60 1195 90273.437500 28629.742500
61 1052 40207.277500 680.787500
62 1321 30665.637500 38555.215000
63 894 37305.050000 27554.485000
64 994 92169.140000 25323.802500
65 1327 73867.462500 1907.447500
66 1068 92822.065000 44016.160000
67 963 22494.640000 97509.967500
68 1164 12931.655000 32400.262500
69 1454 60581.985000 77728.295000
70 1224 3528.435000 8536.160000
71 1168 29847.017500 65774.082500
72 932 86329.285000 40813.462500
73 758 41188.265000 33686.747500
74 760 98347.927500 24444.267500
75 763 14407.765000 61381.175000
76 1050 97076.165000 64204.105000
77 1169 99601.962500 58463.745000
78 1011 31015.122500 72421.150000
79 1243 18394.620000 83536.865000
80 688 18810.162500 81296.650000
81 1260 1813.220000 91105.830000
82 1187 27712.842500 47415.982500
83 1001 33270.965000 63770.532500
84 957 94098.290000 73829.075000
85 772 2677.255000 26310.142500
86 793 32866.305000 83487.465000
87 1141 77221.097500 21963.075000
88 773 20038.892500 8433.802500
89 843 11386.850000 71219.420000
90 917 12531.972500 30659.900000
91 984 50507.957500 93832.912500
92 809 33342.547500 2174.092500
93 1033 39021.942500 41074.685000
94 544 18108.702500 56554.267500
95 715 42196.725000 49244.067500
96 1102 67459.237500 42225.402500
97 1018 52694.792500 81740.875000
98 1006 6405.595000 15517.825000
99 930 95751.662500 28237.080000
100 1009 67898.257500 64566.112500
101 764 54108.980000 89575.372500
102 892 4789.990000 44900.675000
103 1127 5643.667500 39333.087500
104 949 76845.155000 9873.885000
105 985 32136.487500 18092.915000
106 801 75412.710000 86887.275000
107 716 73257.800000 56137.752500
108 787 77922.862500 67438.060000
109 1013 98978.452500 66084.165000
110 530 36395.812500 48685.847500
111 1203 50920.442500 75075.412500
112 670 38532.485000 31312.575000
113 761 65265.495000 55220.062500
114 607 58562.597500 38752.052500
115 781 12594.212500 55900.770000
116 1024 32922.760000 11460.812500
117 1088 84701.395000 21319.225000
118 910 16256.767500 86663.067500
119 889 35820.130000 97594.362500
120 1380 86411.267500 51919.910000
121 919 93008.335000 72130.795000
122 954 85710.340000 70664.752500
123 940 19711.617500 65863.012500
124 615 95008.310000 84953.450000
125 1185 98479.815000 82192.590000
126 1237 35348.655000 57293.490000
127 1154 30742.170000 93256.300000
128 967 60000.345000 7980.450000
129 882 78341.570000 27416.712500
130 880 30330.215000 76544.100000
131 796 22548.775000 97161.242500
132 683 84500.072500 54127.692500
133 1199 33208.745000 19299.180000
134 689 95301.997500 48325.160000
135 1222 24613.725000 83310.460000
136 1172 60419.595000 93993.477500
137 1075 80240.717500 85365.375000
138 861 56738.222500 23238.772500
139 829 28687.485000 88066.177500
140 983 14326.327500 77923.622500
141 1039 76215.190000 90619.277500
142 1002 8533.512500 56523.397500
143 916 2428.072500 19659.207500
144 768 28884.937500 62661.470000
145 1192 79795.257500 66778.305000
146 665 53128.645000 2971.332500
147 1139 98832.670000 51473.737500
148 1023 37638.477500 70040.037500
149 1258 87627.267500 48571.717500
150 836 24163.800000 4032.317500
151 757 90967.612500 76190.782500
152 1247 63060.332500 59360.867500
153 1338 17929.872500 4806.060000
154 1073 65709.557500 51521.615000
155 871 38935.965000 56729.642500
156 647 49254.040000 5771.017500
157 1146 71062.977500 5474.625000
158 863 71023.660000 38502.165000
159 1076 6361.627500 88329.460000
160 808 73153.622500 20316.070000
161 1302 41208.960000 21945.240000
162 1170 87762.165000 10229.265000
163 804 44102.137500 83896.735000
164 1088 53138.335000 16924.365000
165 884 53879.360000 44818.080000
166 903 32634.615000 47609.977500
167 956 40930.275000 95500.645000
168 948 74941.762500 90965.600000
169 1121 41437.120000 98836.245000
170 906 12978.627500 96761.880000
171 679 20282.060000 71310.812500
172 1462 13101.885000 42574.075000
173 945 56174.497500 28039.197500
174 774 19778.382500 77308.995000
175 1238 45201.912500 82309.535000
176 952 25992.680000 89486.692500
177 722 34102.912500 92436.837500
178 1185 65651.140000 72332.182500
179 832 15155.575000 13755.635000
180 1211 80534.927500 34334.952500
181 977 87196.267500 40323.822500
182 1178 83209.642500 623.500000
183 1078 13255.867500 39062.530000
184 1159 76609.247500 95718.952500
185 1150 42087.780000 17853.415000
186 995 42928.787500 69262.847500
187 1077 96820.245000 82209.082500
188 912 52014.982500 64111.075000
189 803 66976.830000 41417.232500
190 1345 66415.955000 97904.487500
191 756 43042.332500 1183.832500
192 1260 82663.470000 11486.700000
193 1237 13646.357500 12237.577500
194 552 173.767500 14239.520000
195 1258 81883.067500 22395.837500
196 1124 80628.450000 30877.325000
197 1294 22875.225000 83731.267500
198 923 5555.080000 7714.242500
199 834 95876.712500 24446.760000
200 949 28861.062500 32980.370000
201 799 6125.090000 8804.885000
202 1090 85352.240000 6880.877500
203 994 5607.765000 21710.857500
204 838 62952.690000 93580.617500
205 1230 76683.455000 94247.207500
206 964 93236.740000 41539.005000
207 1159 4173.205000 60757.672500
208 1079 72832.112500 43979.447500
209 1175 51359.537500 97218.860000
210 1074 37408.405000 75567.642500
211 1058 66619.092500 25753.742500
212 848 52075.185000 65913.837500
213 1048 19537.557500 92608.895000
214 904 63924.452500 74097.730000
215 658 93083.050000 355.890000
216 891 46769.412500 58784.290000
217 1210 23113.295000 58185.057500
218 682 4375.345000 87151.490000
219 695 85460.855000 38394.452500
220 733 59227.372500 23174.985000
221 1131 22350.612500 4098.447500
222 857 44690.860000 464.822500
223 835 31183.690000 11432.615000
224 901 9937.967500 62804.377500
225 895 35177.847500 46902.002500
226 949 57965.257500 17438.145000
227 1261 75411.890000 23347.830000
228 878 72026.492500 97170.855000
229 985 30594.580000 32011.025000
230 566 20814.797500 10014.320000
231 1043 94506.200000 67941.162500
232 846 27295.572500 48841.152500
233 1293 46591.712500 62121.335000
234 778 13376.302500 34972.125000
235 1168 40665.840000 771.512500
236 1095 37864.147500 94206.532500
237 928 77259.542500 86906.510000
238 1285 17673.750000 65051.462500
239 830 99051.105000 52728.897500
240 1554 56411.315000 7515.932500
241 1044 54732.530000 44389.570000
242 1133 40690.600000 30280.152500
243 1458 78085.620000 67210.340000
244 802 57251.655000 47849.895000
245 1285 43979.457500 70386.060000
246 818 56770.475000 73128.452500
247 975 37202.482500 57796.140000
248 738 82054.907500 29870.317500
249 936 49711.662500 72648.272500
250 1009 24034.392500 22725.062500
251 1258 42744.955000 59178.195000
252 994 94060.375000 47986.782500
253 751 80161.485000 60240.715000
254 760 10905.612500 62019.365000
255 811 10367.695000 34982.085000
256 1083 27326.435000 70303.547500
257 1103 79848.747500 72785.880000
258 1003 67888.797500 88175.340000
259 1083 97040.682500 38751.832500
260 1215 19428.867500 60957.235000
261 1317 80397.585000 56373.555000
262 958 17935.845000 3054.405000
263 928 27220.060000 40063.057500
264 885 58885.692500 23313.145000
265 843 86007.385000 40164.035000
266 1135 85821.975000 26186.742500
267 1081 97743.522500 60557.057500
268 1188 59306.412500 27525.095000
269 739 50063.840000 71042.460000
270 1132 1539.810000 12809.812500
271 1049 38349.857500 90415.415000
272 1090 17947.607500 26944.507500
273 817 16509.975000 15259.332500
274 715 361.127500 32435.912500
275 1538 21908.317500 37488.627500
276 1122 70175.412500 61452.320000
277 1161 31177.207500 38614.672500
278 718 34038.107500 93682.702500
279 1015 68845.327500 78039.477500
280 1097 20287.132500 90352.075000
281 847 10586.117500 62428.257500
282 527 59537.330000 72013.605000
283 1079 24608.785000 6123.425000
284 957 79681.385000 21619.830000
285 1126 60183.767500 54994.230000
286 1264 39109.457500 44139.320000
287 667 3700.830000 18614.447500
288 836 92465.190000 17054.327500
289 1090 69067.375000 87682.407500
290 786 18712.787500 55253.385000
291 933 71633.845000 97407.125000
292 826 75378.650000 39769.585000
293 774 98908.560000 69205.052500
294 828 67571.542500 84627.782500
295 572 33600.527500 38540.722500
296 1014 48560.582500 52428.547500
297 703 96723.265000 40657.185000
298 855 9438.657500 48942.010000
299 953 81898.137500 46216.692500
300 998 84914.730000 5982.507500
301 1068 14808.667500 77150.342500
302 1248 66304.997500 97259.250000
303 681 94355.857500 53498.502500
304 687 78910.307500 83641.290000
305 1398 43506.267500 7622.345000
306 1110 19843.062500 79828.122500
307 950 19495.425000 32682.885000
308 1160 63071.862500 86403.475000
309 957 22346.047500 96784.015000
310 628 68075.510000 35249.925000
311 823 11117.980000 22720.187500
312 851 69980.247500 70726.000000
313 944 30598.985000 39906.372500
314 914 48773.240000 49162.397500
315 1061 55852.665000 45890.345000
316 746 88379.567500 5575.407500
317 902 19985.700000 87848.195000
318 1312 32660.632500 46246.962500
319 714 16301.177500 78235.977500
320 1229 26822.317500 84433.997500
321 980 76882.895000 7366.705000
322 970 17124.307500 32815.560000
323 1209 4246.537500 62579.067500
324 829 48325.325000 78826.347500
325 1274 22191.747500 2759.880000
326 921 63517.207500 36043.647500
327 803 36754.845000 95630.275000
328 742 83263.482500 17563.717500
329 591 69075.597500 10514.062500
330 1219 56515.432500 32037.207500
331 1260 1639.762500 39129.777500
332 479 3389.335000 61710.050000
333 787 30884.265000 2959.192500
334 873 2369.717500 66944.980000
335 843 55775.187500 25049.357500
336 860 47814.580000 26214.645000
337 852 8010.652500 20900.887500
338 1216 56704.807500 71880.062500
339 968 12126.262500 3031.315000
340 851 59172.160000 56654.560000
341 1122 55312.137500 6397.210000
342 863 83685.920000 28324.235000
343 781 18256.522500 74843.465000
344 1207 52604.572500 19600.217500
345 1052 82040.422500 70046.737500
346 976 31259.517500 37179.800000
347 1202 58012.755000 58157.395000
348 803 43321.237500 33807.797500
349 797 50032.522500 89233.812500
350 882 69000.457500 33366.577500
351 793 71338.132500 93460.960000
352 1197 71615.295000 52055.835000
353 1181 91996.622500 13216.212500
354 942 86356.760000 71102.065000
355 1051 0.000000 2682.862500
356 1283 10619.887500 10319.557500
357 1270 9639.382500 89167.240000
358 1160 9128.925000 87865.205000
359 1085 25449.255000 58182.160000
360 627 22386.712500 31.860000
361 1312 59063.697500 32743.872500
362 1158 51916.695000 73199.615000
363 923 12905.877500 87838.512500
364 1084 5132.552500 77840.005000
365 1045 34356.792500 47890.452500
366 915 98440.127500 70473.277500
367 1351 98350.250000 84684.265000
368 1165 78834.742500 17926.770000
369 825 423.287500 18359.160000
370 960 17762.522500 55440.012500
371 741 22970.070000 77402.192500
372 897 97995.627500 33710.857500
373 1158 87768.877500 50589.532500
374 676 85988.582500 37866.997500
375 604 64312.277500 97675.675000
376 1372 56800.267500 18286.085000
377 720 20846.747500 50637.712500
378 1099 97398.325000 99393.012500
379 1028 3376.372500 9579.615000
380 817 51321.557500 2348.115000
381 1224 55378.475000 9519.517500
382 949 51488.010000 19577.440000
383 1055 8329.777500 47361.672500
384 626 64734.202500 1299.045000
385 1216 4811.722500 52140.130000
386 794 31464.300000 66208.180000
387 885 34572.630000 95637.705000
388 679 85429.742500 50025.657500
389 1191 64610.707500 40937.407500
390 721 78458.092500 88632.890000
391 1332 22785.992500 74799.492500
392 1052 69224.432500 97624.172500
393 1147 89790.810000 21552.812500
394 1104 49945.607500 39086.352500
395 854 86287.562500 90135.180000
396 859 78847.617500 15877.487500
397 1310 68265.730000 40810.325000
398 919 59568.467500 89223.427500
399 1154 41792.120000 81011.500000
400 844 44321.955000 25435.945000
401 1079 9448.410000 64957.442500
402 1126 91720.450000 44716.172500
403 1056 6265.005000 6030.800000
404 882 35479.507500 33409.562500
405 869 10053.347500 94258.265000
406 962 98150.815000 79716.327500
407 611 56035.560000 90703.935000
408 949 7497.572500 48222.722500
409 1055 19369.205000 79408.497500
410 785 37589.902500 33530.235000
411 759 65928.682500 45374.445000
412 1071 17438.850000 76156.642500
413 1210 26424.797500 42977.352500
414 840 86875.695000 53489.675000
415 1444 34094.515000 35971.232500
416 682 14623.280000 15233.905000
417 681 87614.592500 72683.577500
418 1349 26497.250000 15862.185000
419 891 78557.512500 8101.877500
420 1088 12276.125000 26806.767500
421 1204 79202.042500 73848.587500
422 1096 60141.870000 68845.747500
423 1277 35583.300000 43213.557500
424 1278 32355.962500 58884.012500
425 1148 17259.092500 74607.242500
426 1077 90058.490000 9377.860000
427 883 81114.137500 10979.895000
428 1223 31286.695000 26191.940000
429 967 35906.080000 81078.005000
430 993 77855.055000 88152.625000
431 1217 43799.200000 78991.267500
432 904 3605.537500 95652.367500
433 1359 25485.425000 42071.935000
434 945 50865.905000 71835.822500
435 1078 37691.392500 34136.337500
436 851 11144.955000 71592.877500
437 1303 9175.947500 33499.690000
438 1068 43341.775000 82675.510000
439 996 49363.532500 775.602500
440 1012 58870.887500 5380.487500
441 963 18822.950000 4904.370000
442 755 22424.570000 39014.747500
443 1094 36133.082500 66662.005000
444 1107 99303.350000 54720.740000
445 1248 51874.812500 89095.680000
446 880 31162.750000 16412.637500
447 880 88150.500000 58713.005000
448 1103 41060.847500 24356.695000
449 1230 61877.310000 54528.995000
450 1023 61788.770000 86719.280000
451 966 55187.965000 36168.660000
452 1161 97973.280000 74552.250000
453 1489 24069.547500 69275.055000
454 1156 44645.575000 93526.132500
455 1273 19776.500000 44799.632500
456 1063 33186.542500 30722.505000
457 770 80922.942500 6047.362500
458 931 64415.505000 14569.257500
459 917 2503.760000 13636.100000
460 1051 34802.100000 4750.402500
461 911 94974.237500 50133.775000
462 1071 58416.055000 46879.155000
463 1011 93008.732500 25534.845000
464 1336 9229.650000 26305.322500
465 1145 70006.407500 45733.995000
466 1071 20064.050000 1824.162500
467 787 71491.470000 62839.165000
468 1275 82684.295000 77060.242500
469 728 44524.920000 84088.002500
470 745 59383.707500 78933.900000
471 1156 230.437500 76500.882500
472 663 19430.292500 7294.585000
473 841 73448.307500 24915.535000
474 1223 93182.570000 79111.750000
475 1007 17284.652500 69471.575000
476 861 85620.302500 66776.527500
477 794 5713.675000 14529.775000
478 1069 40221.332500 88092.612500
479 943 44548.055000 46146.185000
480 948 3375.225000 26394.692500
481 878 70577.200000 47976.500000
482 1070 40765.182500 74813.745000
483 1350 22029.147500 30081.252500
484 1048 63931.362500 5709.220000
485 1120 56780.462500 75762.012500
486 901 69794.452500 43986.330000
487 1305 82118.747500 77285.915000
488 1418 29348.412500 45335.007500
489 981 20430.445000 46372.372500
490 1246 25495.967500 4963.745000
491 1358 71865.835000 48408.915000
492 475 63378.077500 51040.317500
493 1035 19453.365000 12873.917500
494 833 8005.785000 14071.292500
495 942 63471.872500 52833.430000
496 1014 4105.692500 82354.087500
497 796 35106.762500 93480.827500
498 1106 37201.285000 79831.472500
499 950 80014.477500 4583.322500
500 1073 4276.762500 67347.700000
501 855 52165.420000 43816.485000
502 987 71143.010000 33452.702500
503 1266 33502.590000 64725.052500
504 1580 76188.107500 49996.292500
505 840 8109.595000 4403.270000
506 1230 40266.057500 84316.602500
507 1132 52424.712500 718.435000
508 1252 32326.862500 46277.287500
509 970 42179.627500 13615.760000
510 1023 71685.767500 33423.715000
511 1165 90228.342500 95935.057500
512 1019 90268.492500 19078.022500
513 779 51534.497500 99877.377500
514 500 55520.642500 77935.780000
515 1006 35081.540000 51404.935000
516 1227 35078.777500 36055.040000
517 1163 51384.107500 89404.822500
518 1163 27682.740000 19714.455000
519 768 44079.365000 38399.690000
520 964 9547.812500 49630.720000
521 1047 8006.995000 29534.632500
522 942 98229.120000 43826.762500
523 1288 97712.520000 60449.620000
524 614 89364.862500 11910.880000
525 1005 12706.782500 32625.707500
526 1281 31678.485000 71046.242500
527 955 94705.862500 58616.387500
528 1262 8008.825000 77942.862500
529 1043 58611.647500 15806.550000
530 1135 41799.690000 57860.112500
531 849 38941.655000 57102.250000
532 584 68016.682500 87606.685000
533 959 75074.770000 28461.420000
534 1155 18200.842500 76791.112500
535 967 68955.235000 48584.310000
536 454 88468.652500 65741.810000
537 1041 60631.970000 55750.855000
538 827 67032.435000 21349.505000
539 799 79312.582500 94288.787500
540 1001 13403.435000 22021.375000
541 1153 37018.070000 36658.077500
542 900 48784.292500 68248.230000
543 843 50120.677500 56751.820000
544 885 23215.050000 197.042500
545 889 44273.447500 24373.905000
546 868 43880.552500 28213.745000
547 541 64875.142500 1323.907500
548 1250 65588.680000 46963.910000
549 1192 11239.722500 9627.680000
550 1005 23367.595000 82215.872500
551 1177 63293.595000 9518.232500
552 975 95254.982500 75802.920000
553 1044 1346.757500 84267.260000
554 1048 23830.202500 94421.350000
555 1055 68747.135000 83709.415000
556 1276 1403.780000 85152.292500
557 880 1354.730000 74349.267500
558 884 87131.392500 99111.200000
559 957 93529.105000 57027.832500
560 908 80268.367500 78031.925000
561 1018 47336.300000 75977.602500
562 1061 25953.587500 81124.122500
563 738 2513.242500 52584.147500
564 1072 77329.130000 4558.240000
565 1474 16677.210000 50471.002500
566 1022 72846.362500 8373.335000
567 710 47801.607500 24048.940000
568 766 59633.087500 84963.415000
569 1265 37829.677500 12909.410000
570 595 98347.782500 20706.737500
571 1377 21180.420000 95399.907500
572 479 1205.175000 60665.912500
573 1206 44469.082500 46918.762500
574 1254 42049.147500 39474.512500
575 1070 45633.302500 26260.750000
576 1013 43428.057500 18295.952500
577 1060 72024.367500 70073.282500
578 877 81589.072500 90671.760000
579 1088 3567.355000 8639.530000
580 894 80390.315000 1701.112500
581 1148 12090.547500 50510.787500
582 655 63663.422500 30975.857500
583 1066 28462.592500 55600.747500
584 483 45797.162500 54346.812500
585 1043 39969.970000 93709.700000
586 937 5658.455000 7052.947500
587 937 6440.760000 63342.660000
588 852 24422.985000 53775.755000
589 873 37878.447500 37469.960000
590 1360 12189.752500 79708.530000
591 1207 30530.675000 96675.050000
592 1026 24308.400000 13116.480000
593 1155 89921.965000 55368.185000
594 1138 42208.212500 47351.942500
595 921 75783.557500 5172.295000
596 642 6197.510000 97816.805000
597 602 34537.980000 42035.437500
598 1249 58249.975000 42279.805000
599 1134 9629.870000 23373.137500
600 671 14545.652500 56333.392500
601 965 30103.952500 6377.375000
602 1122 57378.502500 62003.420000
603 913 15852.470000 54291.077500
604 801 2481.407500 7426.180000
605 1154 20403.065000 11056.260000
606 804 43635.570000 28418.767500
607 1245 50813.460000 35022.132500
608 1066 88797.755000 3869.950000
609 1166 23427.415000 242.790000
610 1220 88420.362500 61342.105000
611 987 74328.335000 40007.922500
612 938 17244.997500 83337.842500
613 1015 24529.742500 9845.427500
614 989 53628.300000 14604.535000
615 927 46404.760000 74374.512500
616 1052 48183.672500 83053.595000
617 924 12581.950000 86594.990000
618 956 66884.120000 12215.675000
619 1156 86474.875000 33299.555000
620 863 47061.720000 46577.630000
621 1122 65256.175000 50785.980000
622 850 48066.882500 28613.427500
623 992 30577.975000 24405.397500
624 1065 15807.322500 15452.805000
625 1106 27710.957500 20633.497500
626 1116 82657.887500 39551.692500
627 1060 18146.845000 79830.815000
628 1048 45022.057500 48760.580000
629 994 19123.240000 18997.080000
630 932 95879.837500 58190.567500
631 1197 93956.425000 44285.187500
632 888 92790.667500 10283.940000
633 1020 9742.120000 33880.870000
634 1259 32829.750000 95544.992500
635 1272 89889.050000 67056.497500
636 1011 22354.287500 96190.540000
637 1038 24213.097500 74286.685000
638 466 91371.885000 1798.110000
639 482 39646.465000 31579.242500
640 1156 35003.462500 89176.400000
641 1255 39762.915000 65182.707500
642 1064 21943.905000 23296.060000
643 640 96869.407500 40578.447500
644 685 50262.890000 20675.382500
645 989 57068.710000 85360.875000
646 792 49196.707500 96300.260000
647 1104 72989.260000 98096.725000
648 973 43630.752500 61285.707500
649 832 58701.862500 96875.490000
650 924 66896.512500 40406.812500
651 1314 13968.560000 38731.382500
652 1134 41672.307500 81160.192500
653 994 3260.152500 30137.612500
654 1079 34348.860000 7396.177500
655 1053 82373.167500 56060.992500
656 1280 59823.375000 99122.177500
657 1286 98462.522500 51456.820000
658 680 86823.772500 4699.732500
659 626 83777.262500 90700.062500
660 822 82505.937500 56811.767500
661 1114 91840.390000 10154.132500
662 903 77835.187500 71945.057500
663 627 23952.427500 68096.447500
664 970 81310.292500 79068.337500
665 1093 16326.417500 76796.172500
666 1059 64284.767500 51889.495000
667 490 30296.400000 49475.447500
668 1339 34809.140000 57455.027500
669 1180 41147.580000 85152.320000
670 1246 41191.250000 53949.985000
671 727 15554.400000 80956.205000
672 1196 18236.420000 21063.500000
673 847 42501.102500 44511.235000
674 1055 39855.695000 57845.905000
675 1209 97814.730000 27954.300000
676 1106 35316.315000 98481.012500
677 1137 96652.605000 92895.332500
678 1022 26112.642500 24738.237500
679 863 49499.327500 55502.750000
680 1027 70024.562500 52370.187500
681 868 68794.102500 4169.480000
682 973 74529.795000 5769.560000
683 933 59515.052500 13529.257500
684 730 31424.982500 68145.565000
685 724 9459.620000 89669.132500
686 1112 76090.170000 82772.975000
687 881 9082.487500 22137.200000
688 621 94243.797500 29082.882500
689 1041 76227.897500 61914.352500
690 799 59826.110000 73228.180000
691 837 28613.130000 86325.320000
692 948 90937.465000 1650.562500
693 1105 43089.670000 98578.797500
694 683 41936.350000 81271.400000
695 794 71968.120000 92601.035000
696 1407 6731.847500 42306.782500
697 950 5733.082500 47507.567500
698 959 76543.875000 61470.367500
699 960 9364.760000 48459.207500
700 580 28546.200000 38131.085000
701 1238 14181.672500 94022.447500
702 877 50725.902500 51528.587500
703 1299 19755.667500 30001.377500
704 915 81410.787500 48138.530000
705 1050 38396.222500 86835.650000
706 1098 61868.215000 77439.840000
707 857 82219.702500 98101.682500
708 805 28343.507500 11089.935000
709 835 68207.750000 28419.082500
710 966 54969.510000 32041.742500
711 867 46526.205000 46080.702500
712 921 35815.422500 88497.480000
713 981 31497.755000 40731.080000
714 1391 14710.287500 91376.277500
715 1057 49672.757500 88248.622500
716 906 55835.990000 25137.027500
717 960 8784.897500 12388.662500
718 1245 47339.890000 85179.105000
719 833 51926.177500 4008.217500
720 977 11162.750000 35896.037500
721 792 16941.240000 51496.452500
722 1098 24832.215000 60975.400000
723 1185 93931.687500 30035.787500
724 1202 95245.885000 66349.407500
725 911 45223.240000 31118.430000
726 1245 11355.562500 67545.870000
727 919 61107.825000 31878.155000
728 1244 88764.570000 66716.640000
729 1035 68422.360000 14430.332500
730 1235 89383.232500 54847.810000
731 1084 2836.370000 47076.897500
732 1084 26734.632500 88522.832500
733 1128 97555.615000 62400.262500
734 621 59498.247500 92265.122500
735 1033 91831.422500 61786.957500
736 1111 11532.885000 896.687500
737 1232 50614.430000 22652.157500
738 767 29259.545000 32382.145000
739 1029 87908.485000 48813.955000
740 851 19741.712500 57926.425000
741 1010 94838.305000 40600.320000
742 836 58933.547500 97959.060000
743 1283 70883.215000 51206.867500
744 1167 78890.652500 32932.702500
745 1149 69981.137500 20639.650000
746 746 10544.152500 11308.245000
747 1329 5914.832500 75277.597500
748 582 54490.485000 33442.940000
749 414 37361.227500 27160.645000
750 1184 2272.260000 79635.842500
751 1231 30739.560000 1099.242500
752 1215 81174.552500 33640.002500
753 962 60121.955000 65356.245000
754 1142 4945.330000 65735.590000
755 904 52023.255000 4836.665000
756 1012 16837.432500 12413.342500
757 1032 4992.340000 23616.232500
758 1057 43785.985000 44848.672500
759 809 63722.697500 18182.242500
760 1251 3152.785000 64683.027500
761 945 25804.485000 89950.587500
762 954 44082.242500 82260.942500
763 963 81304.470000 90483.957500
764 1416 36127.832500 86551.632500
765 990 32485.810000 89775.127500
766 1106 39856.362500 23067.785000
767 1071 87656.987500 72344.230000
768 1426 33466.032500 60716.257500
769 1191 67862.130000 98873.115000
770 912 99663.927500 53168.100000
771 721 23394.237500 46746.237500
772 974 98216.165000 71184.685000
773 895 30850.590000 77987.410000
774 658 28406.992500 20150.305000
775 524 62092.592500 68544.602500
776 637 89584.332500 34285.135000
777 802 91060.567500 23577.470000
778 684 85260.705000 94362.502500
779 1084 49712.517500 75798.462500
780 874 34141.872500 5512.425000
781 805 87284.765000 49761.115000
782 1121 281.677500 63873.390000
783 1057 86678.870000 58625.560000
784 1108 80022.525000 21740.975000
785 769 29003.197500 21026.087500
786 736 57863.695000 50708.030000
787 838 42469.912500 6827.232500
788 923 62530.352500 90208.730000
789 746 61981.292500 55748.407500
790 986 9755.935000 96251.162500
791 873 70215.060000 49241.422500
792 1056 53257.570000 19275.302500
793 944 2806.702500 39089.692500
794 1282 96576.980000 7038.205000
795 1023 51584.297500 28982.430000
796 934 29076.965000 98871.680000
797 581 56860.332500 24689.165000
798 808 14972.567500 43363.940000
799 1691 14044.525000 43048.472500
800 701 52267.390000 59786.517500
801 971 64184.480000 49384.642500
802 685 60087.757500 3061.825000
803 1120 44610.357500 53464.890000
804 1116 88630.110000 46957.995000
805 1166 84625.765000 89186.547500
806 1204 33979.090000 47227.842500
807 834 10553.500000 95887.025000
808 821 91131.782500 57512.975000
809 965 34257.130000 34310.657500
810 1262 60270.187500 92605.490000
811 1081 73163.052500 51314.417500
812 816 50724.307500 75234.757500
813 878 80028.752500 45148.515000
814 947 79192.227500 20962.950000
815 1206 26620.350000 8780.445000
816 1121 94649.827500 97990.240000
817 947 95807.212500 32653.180000
818 815 86945.470000 66196.920000
819 645 19449.057500 19012.770000
820 1193 71842.880000 48279.845000
821 1053 37598.332500 59710.230000
822 1070 16082.657500 50553.542500
823 780 3751.155000 39137.892500
824 1048 14822.325000 26529.590000
825 1035 88068.250000 43160.847500
826 1100 4435.767500 76026.717500
827 1126 20429.097500 42252.750000
828 1278 28749.265000 90508.177500
829 957 44662.425000 79589.650000
830 895 89900.100000 1758.782500
831 1046 45045.430000 38861.802500
832 1145 73058.197500 95837.587500
833 1102 95454.717500 53869.100000
834 1128 84516.197500 48719.680000
835 1018 56616.090000 86509.192500
836 1098 10759.862500 35486.637500
837 933 61349.230000 70229.935000
838 858 18628.077500 27795.867500
839 1070 39435.340000 14609.420000
840 1112 37706.322500 83992.587500
841 1145 88273.220000 97992.577500
842 856 42386.920000 34772.407500
843 1525 81320.757500 3011.822500
844 1375 27409.035000 4178.220000
845 877 56809.590000 76652.967500
846 1015 78520.307500 28824.877500
847 1240 55560.162500 108.102500
848 1117 49985.700000 60114.995000
849 820 83767.317500 47082.802500
850 923 33407.057500 8296.540000
851 1056 58703.855000 71889.557500
852 814 710.340000 48194.890000
853 716 58467.702500 34922.982500
854 1173 71276.470000 40012.095000
855 1187 71082.217500 52894.010000
856 938 74855.210000 69515.327500
857 1070 37525.445000 81845.252500
858 1045 89194.925000 39531.840000
859 1027 43774.187500 96952.040000
860 777 25547.977500 57491.405000
861 1170 19060.487500 70319.945000
862 597 56735.205000 59822.597500
863 856 370.785000 8390.585000
864 1040 55162.695000 99363.905000
865 1101 34026.167500 44517.607500
866 671 14227.487500 20701.945000
867 1187 15344.592500 74676.265000
868 966 5822.587500 31107.887500
869 1292 477.065000 86076.855000
870 1074 20176.195000 92352.665000
871 790 70209.187500 6024.145000
872 766 55933.112500 60572.170000
873 892 43509.082500 46813.427500
874 539 89243.982500 67775.455000
875 913 46538.790000 8872.877500
876 1071 20127.370000 9876.092500
877 737 88281.437500 9232.827500
878 906 5087.075000 3297.377500
879 630 63957.702500 63166.810000
880 543 83853.462500 54962.600000
881 1047 99636.670000 45693.075000
882 1378 54944.692500 58321.170000
883 1164 16170.622500 28787.715000
884 911 5070.887500 74723.065000
885 1002 9837.642500 59371.867500
886 860 62283.532500 45939.015000
887 750 59217.490000 4590.060000
888 1076 25387.465000 45961.555000
889 1174 57995.532500 89027.347500
890 892 23141.535000 60816.692500
891 1009 10321.807500 89109.660000
892 1050 40876.417500 33712.725000
893 1266 1527.680000 10958.092500
894 775 69719.120000 84209.660000
895 1185 4882.992500 98484.095000
896 1083 1945.202500 35390.595000
897 746 19417.065000 84593.605000
898 1191 36167.867500 98623.740000
899 838 29310.105000 975.390000
900 1322 97048.520000 35005.867500
901 1469 25239.670000 52567.582500
902 1026 78207.680000 56736.510000
903 829 93274.447500 84274.237500
904 926 31059.472500 52275.922500
905 1031 88667.955000 94982.407500
906 1013 38663.777500 25502.912500
907 796 91984.475000 2720.782500
908 1338 1170.557500 4777.577500
909 1158 15661.535000 25897.217500
910 954 80359.775000 92991.725000
911 945 42153.052500 46565.845000
912 1024 21116.275000 82024.172500
913 778 32117.595000 42627.437500
914 1025 71270.457500 48461.010000
915 1111 95209.520000 39945.685000
916 1033 75322.845000 73077.732500
917 1109 51034.392500 32481.240000
918 695 30382.082500 66060.507500
919 1145 76669.215000 75602.157500
920 1206 87956.490000 19130.710000
921 1059 88997.667500 11623.170000
922 1149 14724.072500 86793.635000
923 996 44938.117500 16456.730000
924 1058 65201.827500 80737.172500
925 873 16926.242500 68223.527500
926 1338 52018.245000 21834.095000
927 1110 30936.207500 90517.457500
928 1097 21914.960000 68877.855000
929 1071 25675.575000 55474.130000
930 748 40799.660000 16373.425000
931 1332 19919.027500 45151.922500
932 1253 56662.985000 44906.937500
933 1083 7927.205000 16614.320000
934 940 99476.857500 33333.527500
935 1082 64567.275000 14320.142500
936 1391 89646.642500 7648.202500
937 1050 81383.995000 40164.957500
938 996 13816.540000 71282.060000
939 1463 7994.970000 97069.900000
940 977 44585.752500 37427.950000
941 906 11303.202500 55507.500000
942 1059 12789.725000 95633.125000
943 974 44446.695000 80737.412500
944 952 66832.457500 20913.077500
945 1350 37146.327500 4542.087500
946 1268 7248.752500 92860.340000
947 1239 6028.867500 17810.582500
948 909 34634.375000 26269.007500
949 1100 36363.272500 53674.225000
950 815 64276.365000 14523.927500
951 526 95724.707500 14537.667500
952 1434 51201.365000 72096.917500
953 945 2884.175000 47359.085000
954 1205 18246.540000 84118.787500
955 863 36325.437500 78479.610000
956 1253 70810.450000 16101.190000
957 1007 86727.495000 87269.455000
958 1085 94033.577500 4885.257500
959 656 85279.672500 331.110000
960 1147 2016.127500 46673.122500
961 1100 74275.015000 56582.627500
962 706 67644.100000 37280.200000
963 1038 43171.440000 90210.985000
964 1066 7897.217500 73195.377500
965 1069 73401.912500 92297.350000
966 999 38220.965000 70750.152500
967 780 90841.912500 61122.055000
968 1286 2348.862500 73600.135000
969 851 26711.527500 30966.117500
970 1123 55981.432500 68313.177500
971 1161 50568.675000 58509.425000
972 1269 6308.280000 23666.412500
973 1089 14722.520000 79379.870000
974 885 91079.085000 41718.852500
975 800 61177.625000 97936.787500
976 1251 26121.250000 87469.432500
977 664 39587.112500 94701.150000
978 1156 69694.820000 5664.360000
979 1077 86451.985000 29040.610000
980 936 88063.872500 46743.332500
981 787 90625.442500 68166.097500
982 977 52670.777500 41629.560000
983 775 88672.130000 51894.707500
984 848 23633.410000 890.455000
985 698 22756.292500 10313.370000
986 1088 56813.417500 83287.590000
987 1017 22310.005000 71145.500000
988 1199 31687.440000 1372.977500
989 875 17686.597500 33056.070000
990 1034 17236.522500 31092.352500
991 800 9196.710000 91188.090000
992 900 1642.105000 17383.522500
993 734 22780.702500 51183.135000
994 1092 57915.350000 40957.345000
995 1305 89404.662500 32186.857500
996 1111 73854.542500 70177.310000
997 1479 8674.107500 28223.867500
998 730 70122.162500 17594.510000
999 1271 95263.682500 55240.180000;

end;
