80 37 59 19 8 16 83 31 39 66 82 77 38 19 65 1 29 64 60 33 99 13 74 16 44 84 36 8 56 28 14 70 49 -1 11 21 14 33 96 54 
80 37 59 19 8 16 31 39 66 82 77 38 19 65 1 29 60 33 99 13 74 16 44 84 36 8 56 28 57 70 49 91 11 21 14 96 54 83 18 48 
3 52 37 59 19 8 16 98 39 66 77 38 15 65 1 29 60 33 99 13 74 16 44 84 36 8 56 57 70 49 91 11 21 14 96 54 83 -1 48 30 
80 37 19 16 83 31 77 39 66 82 38 19 65 1 29 23 3 60 99 13 74 80 44 84 83 36 8 56 28 33 70 49 19 11 21 14 33 27 96 54 
80 37 59 19 8 16 31 39 66 82 77 38 19 1 29 60 33 99 74 16 44 84 36 8 56 28 57 70 49 91 11 21 14 54 83 18 48 -1 53 6 
80 37 19 16 83 31 77 39 66 82 19 91 1 57 29 23 3 60 40 99 94 98 74 80 44 84 37 83 36 8 56 28 33 49 19 11 21 14 94 33 
3 52 37 19 8 98 39 66 77 38 15 16 65 1 29 60 33 13 85 74 91 44 84 36 8 56 57 70 -1 63 91 11 14 96 54 83 58 48 57 30 
37 47 18 83 31 77 53 66 82 38 87 19 65 1 29 23 3 60 99 13 74 80 44 83 36 8 56 28 33 70 -1 19 11 21 14 33 27 96 54 75 
71 80 37 59 19 8 16 83 31 66 77 3 38 19 1 29 60 33 99 13 74 16 44 84 36 19 28 70 49 64 11 21 33 96 2 -1 -1 64 12 42 
6 10 37 16 19 16 31 75 66 83 57 38 19 1 60 33 99 41 16 44 36 45 8 55 64 28 57 49 7 91 11 71 21 54 87 83 18 48 96 53 
71 80 37 59 19 8 16 83 31 66 77 3 38 19 20 1 29 60 33 99 13 74 16 41 44 84 36 28 70 49 64 54 11 21 33 96 2 2 97 -1 
71 86 80 37 59 19 8 16 83 31 17 66 77 3 38 10 1 29 60 33 99 74 44 98 36 19 67 -1 28 64 11 21 33 96 2 97 80 -1 64 12 
80 37 59 19 89 16 31 39 66 82 1 38 79 19 65 1 29 60 26 33 99 23 13 74 13 13 3 44 84 -1 8 56 28 57 70 49 91 11 21 100 
80 37 19 16 83 31 77 57 63 66 38 65 17 61 85 29 3 33 40 7 58 43 74 80 84 83 56 36 17 56 28 33 39 49 30 -1 19 11 21 33 
80 37 19 89 16 31 39 66 82 1 38 79 19 65 1 29 26 33 99 90 23 13 74 60 13 13 3 65 84 36 24 85 8 56 18 28 96 70 49 91 
80 37 59 19 8 16 80 31 39 66 82 77 19 1 29 33 99 74 16 44 84 36 8 56 36 28 46 29 49 91 11 21 14 54 83 18 81 -1 -1 45 
71 57 59 55 26 16 26 83 31 66 36 77 3 86 38 20 69 29 33 99 13 74 16 41 84 36 28 70 67 49 43 64 54 21 96 34 2 97 -1 24 
80 37 59 19 16 31 5 39 35 66 1 38 19 65 79 1 29 29 60 33 23 4 13 74 13 21 3 44 46 8 -1 28 57 49 91 33 8 21 100 25 
71 57 59 46 15 16 26 83 31 66 36 77 86 20 69 29 33 31 7 74 4 41 84 60 66 28 70 33 49 52 64 54 21 34 42 90 10 -1 28 80 
80 37 19 16 87 77 39 66 43 37 38 88 24 65 61 23 3 60 99 13 42 80 91 84 83 57 8 17 55 28 33 70 49 19 11 21 4 14 33 10 
